0.000000
0.000000
0.000000
0.000000
0.000000
0.000000
0.000000
0.000000
0.000000
0.000000
0.000000
0.000000
0.000000
0.000000
0.000000
0.000000
0.000000
0.000000
0.000000
0.000000
0.000000
0.000000
0.000000
0.000000
0.000000
0.000000
0.000000
0.000000
0.000000
0.000000
0.000000
0.000000
0.000000
0.000000
0.000000
0.000000
0.000000
0.000000
0.000000
0.000000
0.000000
0.000000
0.000000
0.000000
0.000000
0.000000
0.000000
0.000000
0.000000
0.000000
0.000000
0.000000
0.000000
0.000000
0.000000
0.000000
0.000000
0.000000
0.000000
0.000000
0.000000
0.000000
0.000000
0.000000
0.000000
0.000000
0.000000
0.000000
0.000000
0.000000
0.000000
0.000000
0.000000
0.000000
0.000000
0.000000
0.000000
0.000000
0.000000
0.000000
0.000000
0.000000
0.000000
0.000000
0.000000
0.000000
0.000000
0.000000
0.000000
0.000000
0.000000
0.000000
0.000000
0.000000
0.000000
0.000000
0.000000
0.000000
0.000000
0.000000
0.000000
0.000000
0.000000
0.000000
0.000000
0.000000
0.000519
0.000519
0.000885
0.001221
0.002838
0.002289
0.002075
0.004303
0.004547
0.004517
0.004639
0.005493
0.004852
0.004333
0.007263
0.008575
0.006470
0.017273
0.036530
0.026550
0.025238
0.015320
0.020844
0.100250
0.143982
0.259949
0.432495
0.539093
0.173889
0.072113
0.033508
0.046906
0.562531
0.751556
0.737549
0.586639
0.196838
0.183411
0.123322
0.074524
0.034546
0.404602
0.411224
0.336975
0.403137
0.424011
0.282898
0.187958
0.291534
0.261963
0.196960
0.166290
0.213593
0.202545
0.063446
0.038055
0.028809
0.029449
0.058655
0.053833
0.195160
0.240753
0.234009
0.229126
0.301880
0.335175
0.172974
0.073425
0.111115
0.097595
0.362091
0.378937
0.327576
0.274841
0.290894
0.316071
0.369659
0.412384
0.255127
0.106476
0.106903
0.378357
0.344452
0.273529
0.222015
0.192078
0.112396
0.097290
0.092499
0.129089
0.134552
0.174042
0.179047
0.080505
0.048218
0.201080
0.367615
0.298523
0.313202
0.198944
0.108215
0.101898
0.124542
0.052277
0.141815
0.293152
0.189819
0.080658
0.157990
0.165649
0.065277
0.037567
0.030060
0.032776
0.314026
0.385864
0.237183
0.244171
0.204651
0.267578
0.222076
0.112396
0.067657
0.055969
0.038025
0.226105
0.314697
0.188019
0.121033
0.101105
0.278534
0.268127
0.186920
0.126678
0.096222
0.105530
0.163177
0.200317
0.174622
0.098267
0.047852
0.022522
0.023804
0.083191
0.074310
0.059113
0.052490
0.148712
0.183868
0.198486
0.196960
0.212860
0.145172
0.047577
0.033173
0.035767
0.144562
0.113373
0.031525
0.027924
0.033325
0.042938
0.016663
0.018829
0.010803
0.016388
0.015869
0.018097
0.014740
0.013489
0.010864
0.012756
0.011108
0.120636
0.122864
0.041565
0.034149
0.152588
0.178253
0.103973
0.030487
0.057343
0.077972
0.047150
0.082520
0.103607
0.100800
0.039429
0.051483
0.036072
0.077393
0.056458
0.040985
0.065948
0.125336
0.152557
0.139282
0.088745
0.075348
0.071198
0.101379
0.105927
0.091187
0.066864
0.033966
0.044830
0.070312
0.082916
0.082581
0.037445
0.031586
0.028595
0.013702
0.119446
0.160004
0.131439
0.139648
0.075165
0.127289
0.196381
0.185242
0.189148
0.151123
0.211609
0.183289
0.067078
0.077209
0.111786
0.128418
0.203247
0.257507
0.290070
0.210297
0.109436
0.058746
0.083069
0.030060
0.025116
0.022644
0.029694
0.034180
0.020142
0.025177
0.021210
0.017090
0.012970
0.012817
0.013916
0.024170
0.026428
0.179230
0.223114
0.235779
0.132721
0.103149
0.154114
0.113464
0.100739
0.115967
0.087921
0.183899
0.197571
0.109375
0.113678
0.194794
0.214050
0.179840
0.091644
0.054199
0.032715
0.029297
0.033539
0.076965
0.080536
0.021790
0.013092
0.018158
0.017731
0.038025
0.035400
0.107574
0.164062
0.220734
0.216095
0.209412
0.105377
0.167847
0.166260
0.144684
0.062714
0.105530
0.201813
0.184540
0.145508
0.109802
0.143707
0.086121
0.087158
0.094666
0.046844
0.033356
0.057587
0.020142
0.089478
0.193176
0.244141
0.224854
0.158752
0.104492
0.065582
0.061310
0.043610
0.024719
0.017517
0.015839
0.013092
0.039215
0.172333
0.217255
0.295654
0.090759
0.059357
0.110107
0.106506
0.027527
0.033936
0.149200
0.109283
0.100372
0.026581
0.019104
0.020081
0.022186
0.037964
0.031403
0.053650
0.024231
0.029938
0.019836
0.028595
0.017273
0.016632
0.012817
0.016113
0.011597
0.012177
0.008453
0.019104
0.015167
0.010193
0.015442
0.013672
0.016235
0.016968
0.011536
0.013397
0.013702
0.015900
0.014984
0.011475
0.010162
0.011383
0.015533
0.010315
0.016388
0.010681
0.013458
0.011169
0.164642
0.031036
0.019135
0.017212
0.014984
0.013458
0.013977
0.012482
0.125671
0.036072
0.020264
0.017883
0.023590
0.017609
0.018585
0.026733
0.025848
0.028900
0.023071
0.068817
0.075989
0.037323
0.039581
0.031921
0.036407
0.033173
0.072784
0.060577
0.084137
0.071075
0.243011
0.131226
0.080139
0.283936
0.106842
0.079498
0.063904
0.119385
0.184753
0.202240
0.079681
0.127380
0.123779
0.118988
0.120361
0.102417
0.092255
0.479736
0.218933
0.100769
0.146301
0.127289
0.099335
0.090729
0.301025
0.216339
0.365814
0.167908
0.096466
0.175568
0.116394
0.079529
0.448944
0.256378
0.390594
0.211334
0.128387
0.169952
0.158813
0.078430
0.523590
0.246185
0.101257
0.117401
0.081940
0.119476
0.162170
0.191376
0.491669
0.145203
0.082367
0.440948
0.264374
0.141663
0.116852
0.111420
0.567932
0.162506
0.137573
0.312408
0.247314
0.142731
0.135651
0.660889
0.232178
0.141846
0.092133
0.095032
0.163513
0.134460
0.098816
0.706879
0.245575
0.134277
0.095764
0.123138
0.253571
0.096924
0.627960
0.226929
0.128906
0.138702
0.120911
0.149353
0.084625
0.231628
0.595490
0.145599
0.087189
0.093750
0.092987
0.095367
0.064484
0.676239
0.319794
0.191254
0.093140
0.100983
0.123383
0.081665
0.083008
0.549255
0.200592
0.139069
0.126099
0.097260
0.078888
0.164062
0.111328
0.462189
0.132721
0.074951
0.065063
0.048492
0.100830
0.222870
0.451965
0.178375
0.149078
0.124481
0.052673
0.045074
0.083984
0.122162
0.622650
0.299133
0.158020
0.128082
0.090454
0.091370
0.039032
0.070648
0.532043
0.144165
0.115326
0.064789
0.062653
0.080383
0.091980
0.096588
0.161713
0.124359
0.065399
0.087219
0.067413
0.091583
0.070831
0.063934
0.409760
0.129272
0.085785
0.077759
0.137238
0.046936
0.060699
0.038025
0.440277
0.241638
0.108002
0.054443
0.040009
0.134125
0.059998
0.028107
0.036377
0.060852
0.146820
0.066284
0.042847
0.032532
0.037201
0.028870
0.025269
0.025391
0.031494
0.026031
0.023987
0.010864
0.022797
0.018463
0.022644
0.031219
0.023926
0.018250
0.019836
0.015350
0.011749
0.019318
0.009247
0.014496
0.011627
0.019867
0.015289
0.012787
0.014648
0.011536
0.012177
0.010834
0.011383
0.014252
0.026917
0.028656
0.025879
0.023895
0.033173
0.025787
0.019379
0.015808
0.021057
0.015137
0.021179
0.011169
0.016937
0.011841
0.014709
0.020386
0.018860
0.021576
0.034851
0.011810
0.010376
0.016327
0.012299
0.023102
0.012329
0.013397
0.013794
0.013855
0.027008
0.013611
0.012909
0.016479
0.013885
0.015289
0.020691
0.016571
0.010162
0.014709
0.022736
0.023376
0.022125
0.019073
0.019470
0.016235
0.014282
0.010101
0.017334
0.020477
0.015259
0.014984
0.015106
0.017914
0.025330
0.021027
0.022125
0.021301
0.014191
0.016022
0.020660
0.015564
0.017029
0.008484
0.011688
0.014069
0.011780
0.012848
0.011780
0.051361
0.136047
0.167786
0.113373
0.044312
0.050232
0.098846
0.161438
0.120178
0.108521
0.147797
0.157135
0.166321
0.285095
0.313324
0.342346
0.263885
0.099487
0.076752
0.058258
0.036285
0.048920
0.156036
0.226593
0.212463
0.239075
0.200958
0.203918
0.150879
0.221680
0.193909
0.104156
0.050415
0.040497
0.065918
0.077393
0.063263
0.056915
0.028625
0.031128
0.240417
0.268036
0.171844
0.167358
0.164124
0.071899
0.151520
0.131744
0.116882
0.066864
0.064941
0.043304
0.230774
0.287445
0.260529
0.163513
0.092163
0.114685
0.132324
0.143463
0.124512
0.098694
0.134277
0.151215
0.080933
0.097992
0.108582
0.044556
0.075562
0.031555
0.131317
0.223267
0.236603
0.236603
0.128693
0.133423
0.105011
0.230743
0.272095
0.274292
0.157623
0.052582
0.089844
0.110931
0.130371
0.135040
0.134247
0.112579
0.089142
0.081207
0.149689
0.180298
0.219421
0.225342
0.243622
0.201019
0.161743
0.106262
0.098297
0.077423
0.036255
0.043579
0.032715
0.023743
0.015137
0.018860
0.013397
0.021393
0.015442
0.020660
0.015442
0.015594
0.010223
0.014374
0.011993
0.012909
0.009644
0.021637
0.017822
0.018768
0.016296
0.022156
0.018738
0.015442
0.011322
0.071716
0.208771
0.290100
0.215118
0.073120
0.197266
0.202698
0.190369
0.187286
0.173615
0.137665
0.136108
0.112000
0.167175
0.171265
0.172699
0.118347
0.072754
0.227997
0.226410
0.165955
0.191071
0.306427
0.316650
0.111572
0.118866
0.095734
0.044708
0.127197
0.295685
0.277557
0.248260
0.237854
0.209961
0.214905
0.187805
0.178894
0.186951
0.138977
0.101288
0.060699
0.137787
0.255035
0.266235
0.227203
0.168365
0.176971
0.176483
0.141327
0.115387
0.080627
0.048401
0.036621
0.073151
0.143738
0.161621
0.123169
0.114624
0.091461
0.119995
0.134003
0.097046
0.051178
0.072540
0.038025
0.019928
0.136444
0.160553
0.087463
0.037170
0.129883
0.167969
0.147369
0.086578
0.085480
0.043976
0.025787
0.026062
0.014221
0.018982
0.016022
0.010101
0.015747
0.022125
0.043915
0.049927
0.056671
0.071075
0.021271
0.078094
0.061676
0.033569
0.092712
0.173523
0.185486
0.189453
0.285248
0.349762
0.305511
0.279144
0.226013
0.079437
0.074799
0.066467
0.046600
0.044312
0.029419
0.027679
0.014191
0.013092
0.020599
0.018219
0.017456
0.013519
0.017944
0.013580
0.017670
0.041351
0.048706
0.027710
0.150757
0.265808
0.151184
0.139679
0.153412
0.120544
0.153229
0.149261
0.209473
0.174866
0.083160
0.065948
0.072723
0.089569
0.103729
0.040527
0.026306
0.022461
0.168854
0.145203
0.109131
0.158997
0.137848
0.132904
0.228302
0.194489
0.204865
0.243073
0.267334
0.197754
0.094086
0.186859
0.292480
0.316406
0.086578
0.045624
0.035828
0.138275
0.067413
0.095734
0.134552
0.165405
0.229156
0.135132
0.164307
0.196259
0.143890
0.055878
0.129883
0.157806
0.168335
0.151123
0.089172
0.095764
0.046814
0.083832
0.155060
0.186371
0.195221
0.186920
0.142761
0.186737
0.190063
0.072693
0.045197
0.189880
0.177734
0.032806
0.061768
0.226105
0.147339
0.058716
0.067078
0.051422
0.210114
0.310974
0.182922
0.158600
0.194305
0.059662
0.033051
0.039764
0.042816
0.328278
0.434326
0.383850
0.279297
0.264038
0.230042
0.201813
0.167297
0.125061
0.102173
0.067535
0.054321
0.033173
0.033417
0.038391
0.030182
0.022614
0.014587
0.015228
0.011658
0.017487
0.028168
0.029877
0.026398
0.027008
0.029663
0.022156
0.023163
0.043762
0.105896
0.077515
0.063019
0.072357
0.047546
0.110748
0.200134
0.176880
0.205536
0.193481
0.160065
0.118530
0.099518
0.063660
0.048553
0.038635
0.036591
0.037811
0.032440
0.029816
0.020355
0.022858
0.027039
0.030884
0.030701
0.026794
0.019501
0.025543
0.018677
0.045074
0.020172
0.027710
0.014008
0.010376
0.013031
0.012665
0.012238
0.013702
0.009857
0.011780
0.010590
0.013702
0.020599
0.296448
0.382812
0.221527
0.275146
0.200348
0.194885
0.301025
0.328583
0.257843
0.124298
0.075317
0.063507
0.050232
0.050812
0.272430
0.372742
0.325806
0.291199
0.278046
0.281677
0.245148
0.216156
0.155884
0.107910
0.051819
0.133636
0.304718
0.312897
0.300232
0.235077
0.083466
0.033997
0.029541
0.120361
0.128815
0.147736
0.084595
0.089722
0.065338
0.047668
0.048431
0.042236
0.033966
0.029449
0.013489
0.012268
0.015228
0.016235
0.106445
0.125885
0.060364
0.037781
0.093536
0.226044
0.177856
0.222626
0.159515
0.084198
0.059845
0.057800
0.030975
0.178009
0.202850
0.227692
0.317993
0.303986
0.257690
0.192902
0.150269
0.129517
0.160889
0.159760
0.123108
0.117035
0.306122
0.293701
0.335388
0.283478
0.208191
0.240021
0.217377
0.060211
0.053955
0.319366
0.319458
0.195190
0.054779
0.062134
0.050415
0.087524
0.184235
0.216522
0.162079
0.134369
0.111847
0.083069
0.064087
0.167023
0.204712
0.134247
0.154663
0.110565
0.105133
0.090820
0.250793
0.239655
0.129730
0.083191
0.071838
0.150665
0.140594
0.132355
0.134521
0.070251
0.070068
0.147552
0.133881
0.048340
0.030365
0.051880
0.196259
0.225586
0.140472
0.036285
0.034851
0.021545
0.117340
0.163940
0.158264
0.160278
0.183472
0.225464
0.158508
0.157593
0.155487
0.120697
0.173767
0.151794
0.147675
0.109894
0.054016
0.065277
0.116486
0.120300
0.119446
0.066589
0.116241
0.200317
0.110260
0.122925
0.122284
0.104340
0.132416
0.102448
0.092255
0.022339
0.045410
0.029785
0.021729
0.101868
0.109436
0.085358
0.090057
0.052277
0.128723
0.108154
0.057465
0.060730
0.034576
0.015900
0.023376
0.020111
0.026398
0.023621
0.025177
0.018402
0.013519
0.014526
0.010834
0.020538
0.154663
0.186218
0.185394
0.098969
0.080811
0.044861
0.097656
0.154602
0.157227
0.136536
0.106476
0.196564
0.271515
0.243744
0.212372
0.112244
0.100800
0.071381
0.056488
0.052856
0.074432
0.034302
0.028992
0.197418
0.249146
0.184082
0.120087
0.199982
0.307068
0.338348
0.328918
0.200684
0.144257
0.159607
0.164154
0.146393
0.103577
0.131927
0.191803
0.291443
0.215698
0.175629
0.196808
0.181824
0.113953
0.120514
0.160217
0.067810
0.042114
0.145355
0.136047
0.070129
0.045776
0.208984
0.262695
0.224091
0.193512
0.232941
0.170654
0.050812
0.096710
0.158600
0.148651
0.119659
0.101501
0.181122
0.240814
0.227844
0.260132
0.230316
0.168243
0.104889
0.073303
0.064758
0.036713
0.030975
0.016418
0.023163
0.014252
0.036194
0.118286
0.223694
0.239166
0.121613
0.041199
0.170563
0.164734
0.153473
0.130066
0.187775
0.250946
0.265747
0.221344
0.232849
0.185974
0.151459
0.121857
0.096405
0.158722
0.122467
0.066406
0.040863
0.162750
0.223602
0.205139
0.144684
0.075348
0.135376
0.150604
0.159241
0.157898
0.130157
0.079193
0.070312
0.042480
0.110138
0.112610
0.112854
0.100952
0.088562
0.084290
0.076263
0.078796
0.106354
0.104858
0.070862
0.062408
0.042114
0.059052
0.041229
0.026306
0.029572
0.022552
0.096069
0.076050
0.082733
0.080841
0.056152
0.049347
0.069153
0.037659
0.032227
0.024658
0.013428
0.014313
0.015106
0.012543
0.015625
0.010254
0.016205
0.013916
0.019775
0.019318
0.011353
0.017395
0.015808
0.016327
0.015503
0.022919
0.020874
0.019531
0.015289
0.017670
0.017090
0.016724
0.016663
0.013275
0.014282
0.019592
0.012207
0.018250
0.185852
0.243744
0.258057
0.158234
0.230408
0.200775
0.174347
0.172241
0.172089
0.116516
0.080658
0.064911
0.050385
0.097992
0.273773
0.337494
0.352386
0.335999
0.236847
0.294708
0.286316
0.207550
0.188660
0.143250
0.155640
0.214447
0.169495
0.083832
0.088348
0.035675
0.024567
0.045807
0.140442
0.260193
0.261017
0.134399
0.193604
0.177399
0.142303
0.158661
0.147888
0.189209
0.109406
0.109711
0.108063
0.039307
0.131439
0.136108
0.202240
0.144318
0.095642
0.044006
0.141815
0.185944
0.184387
0.152710
0.125580
0.093842
0.122894
0.106293
0.111267
0.072815
0.056580
0.110901
0.106140
0.125488
0.132019
0.126129
0.104401
0.047363
0.054535
0.051483
0.064667
0.099518
0.087067
0.056366
0.046326
0.049835
0.145020
0.222870
0.264099
0.351807
0.272522
0.091522
0.072571
0.073853
0.030884
0.080994
0.170380
0.147644
0.073303
0.135773
0.192932
0.172180
0.067108
0.040100
0.200195
0.249023
0.214294
0.218842
0.210785
0.137115
0.109070
0.151245
0.111084
0.056519
0.099365
0.081024
0.060486
0.044312
0.081177
0.026489
0.017731
0.020630
0.025909
0.020813
0.103485
0.147430
0.170685
0.169830
0.078613
0.173676
0.086243
0.042328
0.053680
0.064728
0.045502
0.135193
0.135742
0.129913
0.120361
0.088928
0.075531
0.149017
0.172729
0.077850
0.039917
0.046844
0.052704
0.286102
0.340942
0.253296
0.213989
0.149078
0.117981
0.261322
0.239746
0.194672
0.094391
0.062012
0.036133
0.030640
0.036011
0.026672
0.047607
0.075012
0.059052
0.040741
0.021515
0.144775
0.147949
0.132843
0.106384
0.110779
0.104736
0.116150
0.137787
0.136353
0.163208
0.137695
0.147003
0.159943
0.166473
0.099884
0.032623
0.033661
0.031708
0.118256
0.143036
0.076569
0.066010
0.153198
0.167908
0.153320
0.131500
0.075317
0.175568
0.197052
0.162720
0.059296
0.089081
0.124359
0.088196
0.058594
0.031097
0.023926
0.027191
0.021790
0.019531
0.017487
0.014648
0.015137
0.016174
0.016998
0.016541
0.013733
0.015472
0.018158
0.016479
0.015472
0.018768
0.016968
0.013794
0.014008
0.016541
0.010620
0.072357
0.171204
0.206055
0.203796
0.070923
0.040863
0.240601
0.212738
0.135803
0.073212
0.083069
0.071228
0.098938
0.156036
0.174072
0.177643
0.187927
0.100891
0.049835
0.049469
0.119720
0.123810
0.166504
0.156799
0.162354
0.200653
0.207062
0.170776
0.101410
0.048370
0.050995
0.024353
0.018188
0.017365
0.014496
0.016876
0.017639
0.009949
0.010712
0.010712
0.013702
0.066986
0.125610
0.287720
0.282501
0.161865
0.203339
0.204742
0.178131
0.128967
0.131470
0.144531
0.207489
0.321777
0.162872
0.276428
0.259521
0.170868
0.101471
0.071228
0.041138
0.029419
0.062134
0.176727
0.235535
0.218597
0.132843
0.097473
0.139954
0.204712
0.186859
0.125732
0.134918
0.152649
0.158661
0.153290
0.126984
0.160065
0.107239
0.069183
0.048004
0.032806
0.127777
0.122223
0.062256
0.103210
0.203064
0.221436
0.216522
0.094177
0.056610
0.084991
0.049011
0.027679
0.126862
0.132843
0.109924
0.120300
0.087952
0.069489
0.157104
0.145294
0.161743
0.179443
0.169922
0.065338
0.051056
0.037903
0.114838
0.088776
0.077881
0.041565
0.067535
0.114532
0.127747
0.108307
0.148987
0.109497
0.076996
0.067322
0.067719
0.080231
0.083466
0.072296
0.049957
0.038239
0.020172
0.017273
0.014679
0.016785
0.016296
0.019135
0.013367
0.013916
0.014801
0.015656
0.029388
0.129303
0.170074
0.051605
0.028809
0.132141
0.158295
0.108398
0.104858
0.121521
0.135773
0.117523
0.116577
0.111115
0.223694
0.284302
0.118744
0.085480
0.092926
0.039490
0.082550
0.208313
0.239502
0.183777
0.152649
0.158112
0.112213
0.089203
0.061737
0.146851
0.145142
0.116211
0.126831
0.108917
0.036041
0.217743
0.273285
0.270905
0.179474
0.138000
0.084473
0.101990
0.187347
0.199066
0.166748
0.193787
0.172211
0.106079
0.036469
0.031036
0.177460
0.239319
0.167542
0.107697
0.038696
0.029236
0.030090
0.055054
0.053406
0.066010
0.068420
0.065918
0.033203
0.017120
0.097046
0.108917
0.058655
0.029816
0.053925
0.100250
0.088043
0.050842
0.046875
0.061584
0.161072
0.168427
0.070221
0.100128
0.094513
0.139191
0.048370
0.061188
0.090576
0.119507
0.071045
0.107758
0.125671
0.078735
0.042603
0.080048
0.116119
0.114380
0.132843
0.113464
0.053894
0.057129
0.040009
0.036743
0.023743
0.094025
0.100616
0.099030
0.060791
0.064972
0.064758
0.034393
0.097076
0.161499
0.193695
0.112854
0.075500
0.049225
0.082367
0.079529
0.069641
0.035889
0.035370
0.024109
0.015167
0.020966
0.019165
0.018127
0.021820
0.015472
0.018463
0.016418
0.023590
0.014771
0.019653
0.015900
0.016754
0.012604
0.100647
0.110138
0.130463
0.244720
0.317688
0.107819
0.234802
0.191986
0.166229
0.266754
0.259216
0.260132
0.227905
0.088623
0.067108
0.152985
0.233124
0.118073
0.153137
0.185760
0.238861
0.240936
0.184967
0.153534
0.056885
0.238373
0.252289
0.256714
0.295105
0.183167
0.120087
0.064514
0.096222
0.104767
0.133270
0.125153
0.094299
0.054565
0.024750
0.064575
0.153412
0.151123
0.072083
0.025970
0.059082
0.045959
0.244110
0.276154
0.275818
0.128113
0.168976
0.240784
0.084778
0.182709
0.223969
0.157684
0.066345
0.027130
0.056122
0.065460
0.070831
0.048950
0.061951
0.037567
0.287415
0.262207
0.230652
0.187378
0.210541
0.218353
0.149841
0.072357
0.052521
0.020203
0.093933
0.101807
0.070557
0.055664
0.026276
0.041901
0.027588
0.028015
0.046021
0.020813
0.016022
0.013428
0.133972
0.194977
0.129791
0.052307
0.130219
0.249603
0.241119
0.205383
0.086853
0.076416
0.040344
0.043274
0.098663
0.158783
0.134460
0.113647
0.103729
0.114044
0.122955
0.082123
0.080872
0.056335
0.034393
0.029602
0.140350
0.177460
0.154724
0.066101
0.028351
0.027710
0.023468
0.067719
0.050537
0.039276
0.035553
0.015625
0.017609
0.027405
0.030396
0.027496
0.023865
0.017853
0.013336
0.012390
0.013489
0.014618
0.012146
0.008820
0.013275
0.017303
0.015381
0.015228
0.011841
0.018036
0.018005
0.017212
0.020874
0.014038
0.016693
0.018829
0.015839
0.010315
0.012695
0.016205
0.275024
0.137329
0.113800
0.215332
0.137238
0.235901
0.225006
0.173828
0.113281
0.148468
0.082794
0.126526
0.157532
0.143250
0.220032
0.371613
0.276825
0.064789
0.048615
0.039642
0.124603
0.335907
0.336182
0.120636
0.066559
0.066406
0.059143
0.136353
0.157074
0.107208
0.116486
0.074188
0.090240
0.105377
0.068268
0.092285
0.196991
0.240662
0.174927
0.071350
0.101044
0.148010
0.094635
0.048492
0.043030
0.112000
0.153717
0.157379
0.151581
0.099792
0.294800
0.341064
0.296967
0.224182
0.183075
0.132385
0.075836
0.038696
0.070099
0.229553
0.293121
0.377167
0.313660
0.310425
0.268585
0.215820
0.110107
0.161774
0.200958
0.175232
0.151550
0.063965
0.050690
0.186829
0.338470
0.229950
0.048676
0.051910
0.142456
0.126709
0.073059
0.133820
0.189453
0.118927
0.060211
0.094208
0.079620
0.020691
0.120148
0.135406
0.168457
0.145569
0.155792
0.109497
0.051697
0.036865
0.051819
0.143860
0.163452
0.131866
0.107025
0.101898
0.096863
0.076569
0.027466
0.039001
0.121216
0.144867
0.182190
0.099365
0.026215
0.033661
0.116882
0.109558
0.044098
0.045532
0.025055
0.022278
0.130920
0.186981
0.194122
0.141541
0.151031
0.122589
0.124969
0.140045
0.097168
0.115479
0.050140
0.033386
0.019745
0.018433
0.019409
0.023834
0.022064
0.018036
0.023346
0.023041
0.013275
0.016724
0.018097
0.152039
0.213257
0.150513
0.067474
0.106781
0.183594
0.135925
0.167725
0.182617
0.142731
0.103577
0.101990
0.067505
0.149994
0.169922
0.234436
0.207550
0.154510
0.177979
0.178223
0.100555
0.055817
0.068817
0.299408
0.311462
0.232574
0.078613
0.058960
0.053680
0.147736
0.129913
0.144318
0.167328
0.164642
0.076019
0.052216
0.061279
0.029907
0.088348
0.125671
0.103516
0.205566
0.195099
0.154205
0.110504
0.050720
0.067841
0.035736
0.113098
0.066956
0.040192
0.195740
0.210999
0.218353
0.231842
0.220093
0.173248
0.153412
0.126556
0.118744
0.099426
0.040802
0.038818
0.021118
0.084045
0.068634
0.051941
0.165771
0.214142
0.188080
0.181671
0.146606
0.139252
0.089966
0.048798
0.028412
0.023499
0.088104
0.109222
0.086609
0.070801
0.051941
0.116028
0.179535
0.139313
0.039459
0.039459
0.022675
0.020447
0.032501
0.092133
0.083801
0.083313
0.076111
0.021942
0.011230
0.017029
0.013397
0.016937
0.013153
0.013977
0.014282
0.015137
0.009277
0.009827
0.013275
0.009888
0.015350
0.014587
0.009369
0.016083
0.011902
0.011780
0.016632
0.076477
0.016846
0.015381
0.018158
0.020355
0.033356
0.138916
0.161255
0.129364
0.120911
0.165741
0.203156
0.177948
0.103210
0.051514
0.135986
0.150970
0.100067
0.182343
0.145874
0.148651
0.108368
0.040924
0.056885
0.094940
0.156342
0.158508
0.044830
0.032501
0.133087
0.107910
0.222015
0.186554
0.081146
0.051788
0.064209
0.032288
0.052460
0.018829
0.017151
0.024780
0.023865
0.027771
0.018188
0.023865
0.020538
0.022552
0.022797
0.020813
0.016205
0.013489
0.015503
0.015442
0.012451
0.175690
0.208923
0.065002
0.054688
0.072968
0.264282
0.225983
0.096436
0.032043
0.049652
0.031067
0.028534
0.120270
0.130920
0.102661
0.060028
0.052399
0.039429
0.045380
0.066895
0.038452
0.212708
0.247772
0.248291
0.241882
0.196136
0.117554
0.104706
0.118073
0.066833
0.030640
0.034485
0.038452
0.037720
0.027161
0.029694
0.023529
0.017029
0.017639
0.027527
0.015137
0.022125
0.013306
0.091553
0.208588
0.265564
0.039917
0.089111
0.162933
0.311829
0.334106
0.234619
0.168976
0.132324
0.118317
0.067627
0.103821
0.274933
0.251160
0.155731
0.216187
0.285065
0.147522
0.069519
0.087769
0.116760
0.120422
0.060913
0.079926
0.044434
0.032928
0.198822
0.189056
0.233398
0.198334
0.184723
0.140106
0.138489
0.135864
0.061951
0.054871
0.028748
0.030762
0.024475
0.069489
0.123810
0.127106
0.075623
0.105103
0.122894
0.154144
0.166046
0.057587
0.152527
0.138580
0.115601
0.111755
0.040222
0.053680
0.189301
0.271149
0.096161
0.180542
0.233215
0.147552
0.037689
0.042603
0.119812
0.153229
0.141968
0.110962
0.084717
0.045074
0.040009
0.027039
0.020081
0.038727
0.026306
0.020111
0.025574
0.022827
0.017548
0.097107
0.242096
0.235748
0.154297
0.052338
0.074524
0.094116
0.287964
0.139862
0.119537
0.037415
0.070831
0.051239
0.032898
0.145050
0.166046
0.168060
0.201996
0.206696
0.158447
0.120575
0.060242
0.044312
0.202026
0.229370
0.202850
0.196075
0.149841
0.095062
0.057190
0.094971
0.028229
0.018036
0.018433
0.016205
0.013794
0.017914
0.016449
0.019165
0.022339
0.017548
0.022186
0.017731
0.015289
0.018616
0.016632
0.016449
0.019012
0.015015
0.017883
0.012756
0.016693
0.016052
0.013275
0.145386
0.211578
0.099976
0.067871
0.086121
0.028992
0.121796
0.097290
0.053772
0.115723
0.144958
0.138519
0.057648
0.061829
0.063477
0.143555
0.132019
0.035858
0.057770
0.110077
0.217224
0.198120
0.116211
0.092987
0.129089
0.137726
0.046631
0.045959
0.027710
0.015381
0.152100
0.145935
0.151001
0.150604
0.153381
0.104279
0.222992
0.290192
0.268402
0.146057
0.149963
0.170349
0.075714
0.064392
0.041748
0.234467
0.236847
0.208618
0.153870
0.159546
0.167328
0.083435
0.100098
0.080902
0.065826
0.113617
0.147034
0.136292
0.123901
0.153137
0.157837
0.044220
0.037964
0.026276
0.035675
0.032654
0.296509
0.229279
0.146881
0.155579
0.101074
0.051453
0.045349
0.081116
0.281891
0.296478
0.207886
0.114807
0.057648
0.055939
0.047180
0.051331
0.051697
0.040527
0.019928
0.017914
0.184204
0.155243
0.114441
0.035706
0.077057
0.072510
0.041565
0.304504
0.312347
0.298767
0.207001
0.191467
0.170593
0.201935
0.139252
0.058807
0.041595
0.031464
0.117004
0.114868
0.122406
0.097595
0.076202
0.036011
0.064728
0.068695
0.105621
0.137360
0.057526
0.026947
0.030975
0.044769
0.147614
0.183807
0.194305
0.205078
0.185089
0.146271
0.104370
0.062805
0.046722
0.135864
0.178314
0.146301
0.115814
0.048737
0.030487
0.036652
0.052338
0.079742
0.080505
0.074463
0.128326
0.167450
0.188629
0.131958
0.131927
0.065826
0.083252
0.093933
0.060364
0.036102
0.105072
0.058594
0.023376
0.043213
0.040222
0.191376
0.159912
0.063263
0.023254
0.022491
0.113831
0.095428
0.098267
0.082092
0.026642
0.022461
0.021210
0.022552
0.020416
0.014374
0.014923
0.011871
0.013977
0.014740
0.016113
0.012726
0.010437
0.022614
0.014709
0.017609
0.012665
0.013306
0.011688
0.012634
0.075409
0.199951
0.227234
0.162140
0.142487
0.258240
0.186096
0.171021
0.171722
0.189117
0.131439
0.192719
0.113983
0.134033
0.182037
0.208069
0.216766
0.092133
0.227905
0.255463
0.156433
0.073273
0.120636
0.120422
0.132385
0.130280
0.125458
0.073456
0.043488
0.142517
0.139221
0.113770
0.051697
0.042053
0.020264
0.033905
0.193237
0.148346
0.065308
0.019684
0.024414
0.126282
0.192413
0.196075
0.190247
0.149414
0.069733
0.030090
0.076538
0.131134
0.124664
0.145905
0.102386
0.056122
0.023865
0.211090
0.311646
0.297668
0.283051
0.327759
0.330811
0.284912
0.074219
0.048981
0.055359
0.099915
0.021240
0.153046
0.232666
0.260010
0.210144
0.278259
0.202759
0.088623
0.275116
0.325134
0.304504
0.246490
0.216522
0.154999
0.109009
0.084106
0.083221
0.060822
0.051086
0.059570
0.191528
0.211578
0.214844
0.152985
0.229675
0.225555
0.204559
0.060333
0.100891
0.129517
0.053772
0.030914
0.018585
0.018005
0.153717
0.114288
0.095917
0.077454
0.077362
0.037781
0.027679
0.039368
0.154999
0.278473
0.269806
0.191559
0.094391
0.205231
0.244720
0.197052
0.064636
0.101349
0.039368
0.100983
0.125763
0.143463
0.121613
0.060730
0.145905
0.221313
0.261200
0.305481
0.313599
0.178864
0.030457
0.025726
0.051178
0.109619
0.096344
0.078979
0.062744
0.021088
0.022552
0.016846
0.014618
0.018250
0.014740
0.012390
0.022125
0.019531
0.014435
0.019135
0.016815
0.015778
0.015503
0.025116
0.016571
0.014496
0.014709
0.014191
0.012024
0.085999
0.312256
0.325836
0.132263
0.154816
0.283691
0.143188
0.093445
0.358215
0.413269
0.344513
0.237183
0.178772
0.058990
0.039795
0.035553
0.101868
0.135986
0.146637
0.143036
0.164429
0.124237
0.061279
0.054688
0.040802
0.226959
0.313721
0.360718
0.235107
0.224884
0.173767
0.163818
0.095917
0.035583
0.036407
0.041260
0.038361
0.043884
0.082611
0.062256
0.019379
0.015625
0.016815
0.015778
0.012543
0.019623
0.032593
0.011627
0.012512
0.012878
0.015076
0.017120
0.101166
0.153290
0.153351
0.147614
0.096344
0.053467
0.032776
0.248688
0.222839
0.153992
0.055878
0.066162
0.179230
0.184753
0.146423
0.162415
0.146362
0.177460
0.158691
0.142517
0.096252
0.164795
0.170715
0.178345
0.100281
0.043610
0.041901
0.057831
0.127472
0.133728
0.124725
0.199127
0.193848
0.139648
0.086304
0.038971
0.033203
0.023224
0.109100
0.156067
0.175415
0.189667
0.123627
0.067322
0.048126
0.033478
0.219543
0.232330
0.123077
0.065582
0.033752
0.088013
0.100708
0.029968
0.036163
0.034027
0.133453
0.190857
0.183838
0.112671
0.032745
0.027618
0.018097
0.018982
0.218170
0.274689
0.196289
0.122894
0.061371
0.034271
0.094360
0.121185
0.102661
0.035004
0.030945
0.029999
0.027191
0.020599
0.115662
0.133362
0.167023
0.160339
0.147461
0.114990
0.087799
0.082642
0.074646
0.055206
0.036591
0.022797
0.012878
0.018005
0.027496
0.021149
0.049927
0.018402
0.016357
0.034088
0.026672
0.019440
0.023590
0.021545
0.020081
0.016663
0.016846
0.012909
0.130981
0.171753
0.139771
0.102875
0.052643
0.055725
0.212189
0.345398
0.275970
0.050262
0.053528
0.066895
0.183990
0.155670
0.160614
0.293304
0.309753
0.127777
0.190033
0.223480
0.125549
0.034790
0.048248
0.034698
0.129547
0.169739
0.138916
0.106506
0.126282
0.126709
0.067169
0.038116
0.038452
0.025116
0.233429
0.262115
0.194031
0.176849
0.205872
0.213837
0.103241
0.113495
0.131500
0.135315
0.111176
0.080597
0.063568
0.127472
0.146271
0.118195
0.110565
0.060028
0.099915
0.148499
0.151672
0.100159
0.086945
0.092926
0.068573
0.057953
0.058350
0.029602
0.108063
0.134949
0.231079
0.125153
0.204712
0.164398
0.168213
0.143219
0.099030
0.064941
0.029724
0.030914
0.060394
0.062469
0.085541
0.094788
0.112366
0.147461
0.127228
0.029144
0.124237
0.107697
0.096863
0.060638
0.026947
0.021027
0.087708
0.098969
0.122528
0.125549
0.161896
0.163574
0.081268
0.092804
0.122009
0.135956
0.049835
0.021973
0.036865
0.153198
0.224182
0.245819
0.163147
0.138153
0.040283
0.035980
0.034576
0.022308
0.181000
0.203278
0.149353
0.131836
0.097595
0.054443
0.121063
0.154755
0.113129
0.079926
0.091156
0.054504
0.022430
0.040009
0.027924
0.027100
0.024872
0.043762
0.136292
0.156860
0.068420
0.040344
0.027496
0.168304
0.185211
0.164673
0.029572
0.072998
0.041290
0.283447
0.259979
0.065887
0.039215
0.058350
0.135742
0.126160
0.133209
0.112122
0.128510
0.113373
0.027222
0.026062
0.033478
0.187408
0.203003
0.138336
0.055603
0.030792
0.026367
0.042480
0.022736
0.114502
0.148895
0.155701
0.044708
0.068634
0.182037
0.165466
0.193176
0.194458
0.138092
0.099579
0.094727
0.093414
0.041046
0.044067
0.024872
0.025970
0.042023
0.025879
0.030945
0.023529
0.013062
0.017853
0.017700
0.022308
0.019653
0.016693
0.019714
0.016571
0.022339
0.022339
0.015259
0.012817
0.016357
0.014771
0.017639
0.023712
0.024445
0.025757
0.012787
0.014038
0.020081
0.018097
0.016144
0.014069
0.086823
0.315094
0.324921
0.246094
0.194946
0.253662
0.236938
0.181030
0.221771
0.156189
0.167938
0.223877
0.277557
0.237671
0.160950
0.060547
0.046509
0.051605
0.259033
0.271820
0.283478
0.149170
0.056152
0.248993
0.247009
0.056244
0.030762
0.182861
0.188904
0.219330
0.198059
0.054016
0.041016
0.042023
0.030701
0.202240
0.286011
0.243469
0.148468
0.118622
0.039948
0.045135
0.030487
0.129944
0.143311
0.063416
0.048828
0.033173
0.182159
0.215118
0.228088
0.234100
0.197754
0.147858
0.157532
0.119965
0.107300
0.077271
0.031464
0.043640
0.220428
0.272125
0.219543
0.043579
0.029907
0.032135
0.078369
0.059723
0.068237
0.069000
0.032532
0.025391
0.018982
0.018005
0.019409
0.018097
0.012177
0.011475
0.013275
0.017731
0.015564
0.013855
0.015717
0.013611
0.172363
0.165924
0.030121
0.050446
0.037537
0.179016
0.232605
0.190277
0.191864
0.156555
0.139648
0.165192
0.122620
0.053802
0.028748
0.043976
0.172363
0.168610
0.072205
0.147430
0.155884
0.068970
0.079407
0.254028
0.319702
0.173401
0.055817
0.045166
0.033142
0.027039
0.098633
0.122101
0.107513
0.073090
0.039581
0.032318
0.094177
0.153870
0.182983
0.145599
0.224823
0.166809
0.030762
0.023926
0.142761
0.176208
0.145721
0.077606
0.058289
0.036682
0.025543
0.027527
0.017853
0.029541
0.020630
0.020813
0.019897
0.021454
0.021912
0.114502
0.237366
0.188049
0.300873
0.128632
0.082733
0.045776
0.096436
0.080322
0.133698
0.179382
0.145355
0.098236
0.044556
0.140198
0.081909
0.035522
0.028656
0.034149
0.022797
0.268768
0.262238
0.202332
0.031677
0.025848
0.023376
0.078705
0.150116
0.147491
0.082825
0.047180
0.047516
0.017822
0.023773
0.015503
0.015594
0.011780
0.015778
0.016571
0.022522
0.014679
0.016296
0.018585
0.012726
0.144958
0.157684
0.142151
0.208740
0.180725
0.184601
0.137512
0.092560
0.067505
0.041168
0.141602
0.187195
0.293365
0.311737
0.092072
0.045349
0.037720
0.105408
0.241486
0.269043
0.070557
0.030151
0.034973
0.127808
0.254456
0.229736
0.081604
0.144501
0.150604
0.137299
0.146179
0.158783
0.105591
0.060760
0.199677
0.217987
0.199463
0.208252
0.213623
0.094788
0.126740
0.167145
0.116608
0.092133
0.150391
0.127808
0.106781
0.064545
0.047577
0.023499
0.028839
0.208557
0.164825
0.147064
0.128815
0.090576
0.040741
0.045593
0.127350
0.119781
0.252655
0.174194
0.050629
0.108612
0.196075
0.274994
0.221405
0.074951
0.039337
0.027252
0.148621
0.154541
0.116333
0.160461
0.112305
0.046783
0.037384
0.052277
0.114075
0.076935
0.028046
0.030548
0.049194
0.246277
0.186340
0.082825
0.028046
0.032745
0.106812
0.103912
0.104523
0.108459
0.117065
0.100037
0.079346
0.027405
0.030975
0.138641
0.162018
0.090149
0.022339
0.023956
0.073883
0.086365
0.038757
0.041534
0.041534
0.068115
0.034576
0.040680
0.040222
0.025940
0.062012
0.104126
0.097137
0.168884
0.122284
0.105499
0.107941
0.090424
0.044159
0.038025
0.031677
0.022614
0.027008
0.018341
0.016418
0.020447
0.016632
0.021759
0.012238
0.018372
0.016357
0.017456
0.017242
0.013855
0.012390
0.015930
0.015411
0.011780
0.285095
0.214905
0.101288
0.041504
0.285370
0.283264
0.168121
0.162994
0.156281
0.054932
0.044800
0.152588
0.154419
0.167480
0.050903
0.045441
0.185944
0.326569
0.260254
0.134857
0.066345
0.052155
0.038269
0.178375
0.195892
0.062866
0.148926
0.168457
0.144440
0.094696
0.041351
0.136261
0.329956
0.356201
0.040344
0.046387
0.058624
0.063354
0.112885
0.088013
0.062958
0.040131
0.029968
0.022675
0.013733
0.014099
0.016663
0.043274
0.016266
0.018402
0.013306
0.022400
0.147369
0.284851
0.324554
0.347473
0.293518
0.065247
0.051636
0.035522
0.032776
0.204651
0.210205
0.084900
0.121674
0.179504
0.160187
0.082245
0.120178
0.298798
0.275421
0.319794
0.316406
0.202942
0.178558
0.162354
0.127808
0.102875
0.049652
0.051208
0.023132
0.037567
0.023163
0.035461
0.020111
0.014740
0.283508
0.292450
0.315460
0.212036
0.110687
0.166229
0.156311
0.046875
0.040527
0.031464
0.020508
0.155518
0.170410
0.173615
0.168671
0.143219
0.110962
0.034882
0.033813
0.030609
0.021698
0.196136
0.187042
0.200073
0.153839
0.141968
0.114166
0.096893
0.094177
0.085175
0.041077
0.033356
0.027496
0.018860
0.016754
0.025421
0.019928
0.021637
0.019684
0.019684
0.019836
0.011444
0.020294
0.016968
0.125092
0.153046
0.141144
0.054474
0.056427
0.050049
0.048401
0.207153
0.330200
0.323700
0.235870
0.036896
0.053711
0.036041
0.236877
0.224365
0.082275
0.063263
0.239471
0.286743
0.257690
0.264984
0.234131
0.163513
0.080841
0.052368
0.041016
0.035431
0.049835
0.104675
0.058838
0.036560
0.073059
0.053772
0.046722
0.092438
0.148499
0.164215
0.244751
0.239746
0.109406
0.159027
0.150848
0.102356
0.053284
0.198761
0.201691
0.042145
0.040222
0.033386
0.212921
0.234344
0.202240
0.137665
0.068878
0.127869
0.116455
0.112854
0.031189
0.041229
0.146271
0.247772
0.213135
0.176880
0.140137
0.113770
0.130219
0.123505
0.110199
0.048187
0.047760
0.045471
0.167664
0.169464
0.153107
0.060120
0.023102
0.113190
0.116730
0.078186
0.048218
0.085266
0.026459
0.050385
0.141479
0.157074
0.130524
0.129456
0.129608
0.092499
0.146484
0.120270
0.123596
0.079193
0.063080
0.017151
0.024689
0.013763
0.012238
0.012268
0.016418
0.016418
0.017212
0.017120
0.017639
0.016846
0.015015
0.020416
0.021393
0.017609
0.016327
0.012360
0.015137
0.013916
0.018219
0.011322
0.264679
0.436707
0.269440
0.177551
0.287811
0.300018
0.256165
0.146454
0.084869
0.159912
0.221680
0.090820
0.076355
0.039520
0.205841
0.187988
0.104401
0.046234
0.343414
0.314178
0.324432
0.381775
0.242828
0.169769
0.171722
0.165070
0.172455
0.059326
0.052032
0.041748
0.069885
0.220978
0.197693
0.151886
0.102997
0.164459
0.198608
0.060211
0.062836
0.174225
0.126495
0.102264
0.100403
0.098206
0.106354
0.106262
0.099121
0.113770
0.097046
0.034149
0.020569
0.040558
0.102173
0.104980
0.029785
0.034973
0.108521
0.115692
0.101440
0.047211
0.191223
0.315063
0.242065
0.055023
0.041504
0.044922
0.035034
0.071167
0.101715
0.125854
0.140747
0.121613
0.091492
0.135284
0.234772
0.254700
0.262543
0.210571
0.229187
0.132294
0.100739
0.042877
0.038055
0.026459
0.024841
0.065155
0.034912
0.062592
0.042999
0.037354
0.029327
0.024048
0.031494
0.024597
0.015900
0.013763
0.013458
0.013031
0.024750
0.181549
0.216187
0.201416
0.200714
0.148590
0.118683
0.042236
0.057953
0.070374
0.180359
0.119446
0.274139
0.257721
0.090149
0.036926
0.031219
0.093658
0.144806
0.137268
0.153198
0.088135
0.034485
0.077820
0.312561
0.337769
0.067108
0.197174
0.240021
0.124817
0.027679
0.162506
0.186432
0.158051
0.152435
0.134583
0.079987
0.051544
0.212860
0.215240
0.222260
0.202393
0.191193
0.209045
0.221771
0.209869
0.053986
0.168091
0.248932
0.217041
0.058777
0.032715
0.136353
0.138458
0.151642
0.127869
0.103577
0.124176
0.157684
0.171936
0.150085
0.033051
0.022278
0.027679
0.022614
0.024719
0.020020
0.021332
0.017670
0.025665
0.013672
0.164734
0.061951
0.286407
0.316284
0.285461
0.146759
0.046356
0.147430
0.143555
0.182587
0.131470
0.137207
0.094879
0.057831
0.385590
0.372345
0.195374
0.219910
0.187958
0.143097
0.083130
0.100006
0.110840
0.097778
0.077087
0.041687
0.104065
0.070343
0.133759
0.192688
0.323730
0.271790
0.206573
0.166260
0.144928
0.132019
0.123901
0.137360
0.100403
0.166077
0.155304
0.132507
0.022858
0.058044
0.049408
0.244141
0.300842
0.335297
0.421478
0.361053
0.239502
0.069458
0.030884
0.026306
0.053894
0.042786
0.035858
0.031647
0.024200
0.009644
0.020020
0.022095
0.020935
0.014893
0.015350
0.018097
0.015717
0.010468
0.017853
0.126923
0.358795
0.303345
0.064087
0.037689
0.156158
0.175110
0.139832
0.039215
0.109833
0.228851
0.246552
0.176483
0.148773
0.083221
0.036713
0.041779
0.142975
0.146759
0.148346
0.162231
0.208801
0.150360
0.077271
0.038116
0.048828
0.038574
0.134766
0.136078
0.085541
0.106506
0.075012
0.065887
0.038635
0.052368
0.132507
0.206451
0.224945
0.234070
0.153015
0.091339
0.054718
0.156952
0.157196
0.169708
0.161438
0.172302
0.150635
0.124115
0.089630
0.075043
0.032379
0.020538
0.016907
0.016998
0.135986
0.164551
0.052124
0.206360
0.304199
0.317719
0.288513
0.276001
0.297546
0.170135
0.192596
0.224762
0.070190
0.114624
0.155151
0.143646
0.091309
0.044922
0.066772
0.065582
0.057922
0.072540
0.100433
0.105988
0.164368
0.066071
0.090546
0.140228
0.140228
0.145355
0.192841
0.174347
0.128571
0.144836
0.187256
0.152893
0.145325
0.113068
0.058624
0.038452
0.031219
0.015015
0.021210
0.021301
0.016510
0.022491
0.019440
0.018951
0.014343
0.092896
0.134735
0.162384
0.141724
0.142883
0.106323
0.086578
0.212799
0.227173
0.192352
0.160889
0.139282
0.078674
0.077026
0.048218
0.146301
0.217560
0.213776
0.228119
0.232086
0.105194
0.043274
0.056732
0.021820
0.216919
0.223145
0.266479
0.168427
0.186066
0.136658
0.090027
0.067505
0.025421
0.021545
0.187531
0.181274
0.137817
0.058929
0.037354
0.054779
0.022858
0.031952
0.098236
0.046448
0.038055
0.144867
0.175598
0.163910
0.156158
0.167908
0.032043
0.116730
0.096344
0.083923
0.061279
0.064636
0.046082
0.030823
0.026855
0.031128
0.023712
0.014465
0.023224
0.015411
0.015442
0.018066
0.015228
0.015198
0.016663
0.042542
0.186432
0.151520
0.039215
0.040192
0.124054
0.123322
0.123413
0.199982
0.166382
0.036102
0.080933
0.024414
0.204285
0.155914
0.106354
0.111755
0.094940
0.110535
0.121246
0.111115
0.100037
0.045685
0.054749
0.119568
0.225616
0.250702
0.238342
0.200409
0.168335
0.124207
0.069031
0.047058
0.039154
0.086914
0.122803
0.121674
0.046326
0.284454
0.370331
0.344818
0.200897
0.147888
0.105621
0.123627
0.181183
0.161072
0.101318
0.125916
0.163696
0.153534
0.102753
0.035736
0.058350
0.153046
0.216949
0.194885
0.153381
0.048676
0.030670
0.026917
0.026581
0.107025
0.114441
0.077301
0.036713
0.023804
0.017670
0.021210
0.045746
0.129486
0.149078
0.118164
0.116913
0.198486
0.197632
0.172394
0.268127
0.193970
0.207550
0.180481
0.125000
0.088135
0.033722
0.046692
0.046967
0.035095
0.024475
0.017944
0.015137
0.012543
0.016815
0.012329
0.014496
0.009979
0.010254
0.014496
0.020782
0.016083
0.011200
0.033783
0.077576
0.199860
0.218597
0.209747
0.153839
0.160461
0.078339
0.067657
0.097687
0.039429
0.298492
0.375671
0.379791
0.339355
0.176056
0.139648
0.162018
0.137726
0.054108
0.030945
0.040009
0.033417
0.130432
0.161255
0.168304
0.067078
0.036133
0.050781
0.025513
0.024567
0.187408
0.250000
0.255676
0.164734
0.082275
0.033234
0.027679
0.019287
0.066315
0.093689
0.107941
0.148529
0.120453
0.133667
0.073120
0.030151
0.038422
0.031586
0.033173
0.103333
0.098083
0.067047
0.057037
0.058502
0.036163
0.024567
0.113800
0.127533
0.128540
0.089478
0.075745
0.042755
0.036163
0.018250
0.018768
0.021362
0.019440
0.014099
0.018646
0.015106
0.017487
0.016602
0.015564
0.020447
0.018860
0.015289
0.015686
0.022552
0.016205
0.020294
0.020905
0.015686
0.023834
0.020294
0.021454
0.022217
0.016693
0.022217
0.018158
0.022949
0.014954
0.017242
0.018494
0.015717
0.012512
0.020020
0.286743
0.261749
0.034821
0.219482
0.160950
0.245667
0.265717
0.231628
0.099304
0.065033
0.285126
0.215851
0.069458
0.156799
0.133545
0.059692
0.429382
0.514679
0.440002
0.427094
0.203278
0.205872
0.193420
0.173645
0.139618
0.049866
0.079041
0.326935
0.347870
0.229889
0.236877
0.134186
0.260010
0.238373
0.203552
0.179474
0.257294
0.288849
0.220886
0.209229
0.096252
0.059143
0.081482
0.175415
0.160645
0.070648
0.020844
0.085205
0.067657
0.055511
0.241974
0.309082
0.252869
0.181671
0.041931
0.027161
0.289368
0.331390
0.270325
0.334961
0.347229
0.298676
0.208221
0.075806
0.073792
0.146759
0.149780
0.112549
0.036346
0.036316
0.028442
0.139740
0.180573
0.129333
0.122253
0.162140
0.156525
0.051697
0.054749
0.132416
0.131012
0.040039
0.039032
0.049164
0.182404
0.243378
0.201538
0.050507
0.037201
0.032501
0.093597
0.104095
0.054962
0.045807
0.109009
0.135620
0.093903
0.046997
0.042633
0.084717
0.139160
0.204773
0.212372
0.098419
0.024963
0.023438
0.088928
0.070190
0.064941
0.028259
0.020325
0.018188
0.013611
0.020905
0.018829
0.017059
0.018494
0.019745
0.020050
0.012299
0.013702
0.014282
0.019073
0.028625
0.047729
0.212250
0.328705
0.246918
0.053253
0.118774
0.129547
0.050446
0.057007
0.098267
0.320770
0.292358
0.118378
0.031860
0.027374
0.166168
0.076324
0.032928
0.031738
0.214691
0.252716
0.069366
0.080170
0.070709
0.164490
0.212494
0.174774
0.093506
0.097717
0.089355
0.096222
0.049591
0.182556
0.094391
0.029297
0.024384
0.080048
0.041687
0.033447
0.225861
0.220947
0.187958
0.180786
0.175201
0.164886
0.196533
0.191132
0.080414
0.038971
0.043884
0.039764
0.033295
0.181122
0.150726
0.132782
0.118927
0.102173
0.101471
0.043182
0.029877
0.164917
0.171234
0.130707
0.110931
0.100922
0.123871
0.149200
0.179260
0.176636
0.083588
0.214966
0.251129
0.182709
0.059540
0.093567
0.049957
0.048187
0.100769
0.134521
0.151459
0.201416
0.157837
0.039459
0.075958
0.063721
0.029083
0.176971
0.233704
0.191315
0.165741
0.232788
0.183624
0.148895
0.133942
0.154663
0.108612
0.049438
0.136993
0.103943
0.030640
0.200684
0.157990
0.171539
0.101593
0.053040
0.029633
0.047394
0.103394
0.168793
0.142822
0.136841
0.074646
0.068420
0.145264
0.211853
0.166779
0.062714
0.076965
0.122589
0.124146
0.243683
0.279510
0.349182
0.346405
0.262848
0.147095
0.066406
0.046356
0.045380
0.035461
0.025055
0.018524
0.027832
0.018921
0.019592
0.022919
0.017181
0.019012
0.019409
0.016693
0.081146
0.036774
0.281647
0.307831
0.331360
0.270416
0.217712
0.204773
0.127106
0.075867
0.071503
0.150024
0.106842
0.143738
0.152893
0.132690
0.096832
0.035767
0.119537
0.113159
0.113770
0.126312
0.135834
0.155518
0.068451
0.051300
0.033936
0.021942
0.091980
0.177277
0.158478
0.055817
0.037079
0.094299
0.113037
0.144104
0.123566
0.141205
0.056915
0.040680
0.032898
0.025818
0.100098
0.149933
0.067505
0.132294
0.150208
0.154968
0.072906
0.033173
0.040070
0.082672
0.102417
0.067047
0.114655
0.150452
0.136505
0.117645
0.101501
0.104065
0.107208
0.055328
0.054993
0.032593
0.066620
0.098358
0.099915
0.145416
0.069397
0.024872
0.035095
0.037537
0.045135
0.023010
0.022369
0.049988
0.097351
0.148376
0.153290
0.092499
0.143036
0.052216
0.019989
0.024017
0.018433
0.017212
0.010651
0.015900
0.010590
0.018829
0.014465
0.012726
0.013855
0.016602
0.020721
0.018280
0.017426
0.019379
0.018829
0.012177
0.011353
0.013336
0.009705
0.010681
0.012512
0.018951
0.123962
0.262146
0.195740
0.261200
0.259857
0.273346
0.120941
0.176270
0.051514
0.291290
0.253021
0.269348
0.257599
0.195618
0.054596
0.051086
0.175751
0.180511
0.184601
0.142303
0.059845
0.050262
0.043976
0.142578
0.307983
0.332458
0.371277
0.083862
0.052948
0.045410
0.042999
0.099182
0.117157
0.143433
0.123352
0.034607
0.041016
0.045532
0.253387
0.232605
0.225281
0.045837
0.040039
0.031555
0.267456
0.285675
0.142700
0.070831
0.043091
0.118805
0.138306
0.094879
0.094330
0.029388
0.039368
0.017029
0.019806
0.014801
0.014374
0.015747
0.018555
0.018127
0.019745
0.015442
0.108826
0.379730
0.290283
0.185577
0.193726
0.222656
0.198761
0.095032
0.095520
0.048248
0.041016
0.073059
0.129486
0.066864
0.050568
0.044128
0.283600
0.246460
0.191498
0.056030
0.112061
0.175232
0.105896
0.079041
0.116486
0.170898
0.189056
0.122711
0.037170
0.029541
0.033752
0.129822
0.287903
0.323029
0.286774
0.148834
0.105133
0.091095
0.078888
0.098755
0.104187
0.093628
0.060669
0.042664
0.037659
0.022430
0.021362
0.022064
0.091278
0.161102
0.167389
0.176331
0.120819
0.171295
0.198914
0.059723
0.239441
0.255890
0.174347
0.147491
0.098389
0.084564
0.140167
0.140900
0.049316
0.051849
0.148743
0.266266
0.202423
0.047180
0.134888
0.144836
0.153992
0.033630
0.025635
0.163788
0.198975
0.105804
0.032349
0.035828
0.059937
0.034454
0.072479
0.108521
0.120026
0.131775
0.182892
0.055847
0.025055
0.031555
0.088501
0.032013
0.035248
0.023590
0.125549
0.239136
0.244629
0.158325
0.164032
0.175751
0.035309
0.022278
0.027893
0.033295
0.023071
0.021606
0.030518
0.019318
0.016266
0.016022
0.015991
0.021790
0.016876
0.017883
0.020538
0.015686
0.015930
0.015747
0.017426
0.015869
0.018555
0.034302
0.167145
0.158112
0.048218
0.047791
0.048615
0.043549
0.038025
0.039124
0.172668
0.232330
0.270416
0.182404
0.053223
0.038940
0.048523
0.042053
0.268402
0.263519
0.091400
0.049652
0.036560
0.194305
0.281525
0.273865
0.154114
0.057770
0.053345
0.040985
0.128479
0.127014
0.185638
0.210815
0.186035
0.094574
0.169434
0.370087
0.362030
0.328522
0.291473
0.271759
0.182465
0.154358
0.176239
0.146606
0.115265
0.063324
0.019836
0.163574
0.141998
0.151337
0.032562
0.134521
0.157318
0.130524
0.141968
0.119232
0.139801
0.122681
0.083191
0.195709
0.169006
0.149200
0.130432
0.159088
0.181244
0.231323
0.247650
0.159790
0.122894
0.098907
0.061676
0.071503
0.148682
0.130035
0.235321
0.145050
0.039978
0.208893
0.219177
0.188568
0.140564
0.068726
0.122925
0.059753
0.080353
0.124390
0.130341
0.138672
0.098877
0.079590
0.153870
0.106018
0.083557
0.074646
0.060150
0.047729
0.024872
0.016907
0.014221
0.015869
0.012878
0.012756
0.011230
0.018890
0.030243
0.014526
0.016693
0.021606
0.021606
0.020447
0.017639
0.016418
0.013031
0.140472
0.229523
0.312683
0.155182
0.156830
0.147430
0.112976
0.187744
0.190277
0.161133
0.065002
0.065338
0.050354
0.277191
0.252899
0.238678
0.118225
0.123108
0.096252
0.033844
0.054871
0.093872
0.133942
0.110870
0.140656
0.134552
0.108734
0.090576
0.031433
0.108032
0.127869
0.039703
0.041992
0.200714
0.227173
0.099609
0.044281
0.067383
0.108185
0.130127
0.177917
0.184265
0.050079
0.036133
0.120728
0.162292
0.167847
0.190094
0.207520
0.175323
0.139923
0.138489
0.136444
0.136139
0.039581
0.107758
0.131317
0.132538
0.060608
0.048004
0.040894
0.130920
0.137970
0.116516
0.196350
0.113708
0.062958
0.111237
0.177795
0.205170
0.121552
0.082123
0.104858
0.110687
0.055511
0.040680
0.077759
0.128082
0.131012
0.113617
0.071442
0.060028
0.043549
0.022125
0.180908
0.186615
0.213348
0.191284
0.136139
0.059875
0.059448
0.071075
0.040833
0.027161
0.023743
0.016205
0.013519
0.017822
0.017059
0.021484
0.016174
0.023926
0.009430
0.081116
0.248657
0.229034
0.033569
0.131744
0.122925
0.130005
0.131744
0.084961
0.095154
0.171814
0.141235
0.079163
0.091858
0.238373
0.228363
0.043152
0.035736
0.116241
0.144958
0.160217
0.199493
0.174652
0.113098
0.103241
0.122223
0.053131
0.023407
0.078522
0.147552
0.136108
0.120331
0.121216
0.102478
0.035095
0.038849
0.038300
0.249207
0.219788
0.160431
0.064209
0.119751
0.063232
0.055176
0.022247
0.048462
0.013824
0.027252
0.040436
0.156921
0.137115
0.091583
0.048523
0.046906
0.030182
0.155518
0.108948
0.087067
0.044678
0.052246
0.064514
0.048309
0.041168
0.051971
0.019562
0.016296
0.018738
0.015778
0.014221
0.018188
0.020050
0.019440
0.019836
0.015900
0.014496
0.018555
0.010956
0.058197
0.217987
0.227478
0.093445
0.085693
0.174927
0.287018
0.189758
0.188110
0.187683
0.131165
0.170929
0.252808
0.261536
0.164398
0.052917
0.037231
0.159424
0.227509
0.200500
0.092377
0.072205
0.044434
0.038971
0.169006
0.155945
0.130127
0.114716
0.067566
0.041168
0.024139
0.103973
0.106934
0.116302
0.106079
0.054932
0.146240
0.203613
0.243103
0.217621
0.065704
0.286896
0.298767
0.272827
0.150269
0.172943
0.055176
0.040253
0.034332
0.028137
0.197327
0.263611
0.208313
0.161194
0.169128
0.177979
0.153442
0.084137
0.063324
0.198547
0.179443
0.047272
0.037537
0.041656
0.157288
0.209229
0.200226
0.053040
0.032684
0.119751
0.163574
0.165527
0.163544
0.142609
0.156006
0.184692
0.067383
0.067139
0.049500
0.087646
0.071808
0.107849
0.094269
0.085297
0.113434
0.147675
0.186005
0.086243
0.068634
0.126892
0.188904
0.150757
0.149628
0.175903
0.134399
0.065552
0.140778
0.256104
0.287689
0.251556
0.187958
0.202606
0.168427
0.138977
0.146912
0.146515
0.156281
0.111603
0.028931
0.089966
0.227539
0.261780
0.214172
0.190613
0.141083
0.140228
0.098145
0.107971
0.059570
0.028046
0.026184
0.025513
0.024567
0.018005
0.017822
0.017639
0.008759
0.013977
0.011902
0.123291
0.228058
0.208923
0.187439
0.182190
0.102661
0.055481
0.047607
0.028595
0.165894
0.211121
0.126282
0.176453
0.171570
0.146606
0.052002
0.050690
0.022034
0.175201
0.140717
0.176941
0.154510
0.134003
0.162231
0.169769
0.216644
0.257568
0.207886
0.200134
0.170776
0.115967
0.130524
0.185974
0.151855
0.194916
0.077484
0.040283
0.064728
0.181641
0.177826
0.109253
0.063110
0.041595
0.039795
0.089325
0.094696
0.041107
0.095551
0.141846
0.067322
0.044586
0.167114
0.262207
0.267609
0.192841
0.169739
0.127136
0.155182
0.227692
0.243347
0.160126
0.146881
0.075378
0.069855
0.033203
0.021637
0.146362
0.184021
0.134674
0.028778
0.042267
0.045319
0.057953
0.090088
0.090668
0.064789
0.057220
0.192780
0.188751
0.050354
0.125549
0.142059
0.159912
0.127930
0.097595
0.064850
0.086792
0.105591
0.180206
0.152618
0.155273
0.117859
0.135406
0.055542
0.072083
0.025787
0.022858
0.016144
0.017273
0.020569
0.019928
0.009125
0.011322
0.019684
0.012604
0.014832
0.015961
0.014832
0.012604
0.018311
0.021729
0.014984
0.018066
0.016327
0.018707
0.015991
0.018951
0.014618
0.009003
0.011597
0.109955
0.220978
0.161072
0.048431
0.050232
0.217682
0.220215
0.191650
0.171509
0.189880
0.107422
0.183899
0.285095
0.231720
0.103943
0.067566
0.283936
0.294952
0.186279
0.147919
0.138702
0.215668
0.118073
0.072632
0.229309
0.278748
0.386597
0.271210
0.200348
0.180054
0.153748
0.076691
0.047150
0.043915
0.044495
0.087677
0.110474
0.050537
0.170837
0.179443
0.151276
0.143616
0.082458
0.088684
0.086792
0.084930
0.036621
0.036224
0.026215
0.022247
0.017517
0.015564
0.081726
0.106659
0.121796
0.054291
0.031311
0.025940
0.171356
0.216156
0.181183
0.140839
0.089386
0.060883
0.074280
0.140137
0.152496
0.171967
0.162170
0.197052
0.199890
0.186005
0.161041
0.198029
0.181702
0.171387
0.058594
0.055359
0.076843
0.105652
0.099762
0.066895
0.045410
0.089966
0.107483
0.173401
0.101196
0.019806
0.014465
0.096649
0.139923
0.092560
0.021301
0.033203
0.023987
0.020599
0.025635
0.027740
0.022125
0.018524
0.020508
0.017883
0.019257
0.160736
0.315369
0.237823
0.126343
0.195831
0.167114
0.087677
0.189758
0.296692
0.258759
0.088379
0.043365
0.053497
0.173523
0.155426
0.211548
0.214569
0.116486
0.064087
0.067230
0.051483
0.224915
0.198975
0.121002
0.072571
0.054779
0.046722
0.069244
0.141937
0.097992
0.071930
0.071625
0.085999
0.023254
0.135590
0.166992
0.127869
0.052765
0.151489
0.346558
0.406036
0.324310
0.235443
0.155792
0.104523
0.166962
0.156372
0.058777
0.058563
0.122772
0.119110
0.054443
0.053802
0.133148
0.146149
0.132751
0.127136
0.051758
0.050354
0.052307
0.108765
0.128418
0.113098
0.085907
0.027710
0.028534
0.032227
0.101135
0.105743
0.062866
0.052032
0.027466
0.020172
0.017731
0.016296
0.014404
0.014191
0.012970
0.144653
0.190338
0.161163
0.094604
0.113220
0.220154
0.245880
0.239319
0.177307
0.090973
0.068207
0.057556
0.168488
0.214233
0.255127
0.230621
0.220795
0.161255
0.144897
0.254791
0.186188
0.119049
0.043121
0.187012
0.244415
0.216644
0.130341
0.057983
0.081451
0.123108
0.152191
0.128326
0.122772
0.055756
0.045746
0.039001
0.124023
0.127625
0.093750
0.107422
0.095154
0.073395
0.076019
0.082428
0.064545
0.043762
0.035034
0.068817
0.029694
0.019104
0.044983
0.036224
0.197540
0.236664
0.194641
0.188049
0.162537
0.129913
0.090179
0.027161
0.030792
0.021118
0.017883
0.021851
0.016479
0.015564
0.017395
0.020294
0.012939
0.019836
0.036652
0.182098
0.285492
0.278259
0.268829
0.192932
0.223999
0.321198
0.361603
0.284241
0.219940
0.265320
0.107544
0.159943
0.246918
0.270111
0.344238
0.220886
0.232330
0.230469
0.181427
0.151093
0.085175
0.033447
0.033569
0.029053
0.016815
0.016998
0.021332
0.116394
0.128265
0.120178
0.091827
0.074707
0.169495
0.201874
0.199371
0.110779
0.136780
0.068451
0.037354
0.187714
0.140930
0.104523
0.041290
0.063354
0.048859
0.162903
0.342896
0.325562
0.296753
0.052887
0.044891
0.033447
0.125000
0.158783
0.134552
0.095978
0.060577
0.049530
0.020813
0.019562
0.019714
0.014771
0.014069
0.219818
0.148804
0.108368
0.115936
0.134888
0.028687
0.034424
0.122803
0.290192
0.207062
0.032074
0.019745
0.050934
0.079132
0.105042
0.097870
0.045166
0.043518
0.147125
0.145508
0.136261
0.108459
0.076111
0.078735
0.061066
0.055054
0.034119
0.055969
0.063660
0.046600
0.033051
0.014679
0.016968
0.017883
0.019073
0.016632
0.018097
0.013214
0.011322
0.016357
0.019562
0.026581
0.022675
0.183502
0.193695
0.119324
0.046875
0.046692
0.056641
0.079926
0.084961
0.045227
0.036530
0.023163
0.025299
0.025604
0.021149
0.011871
0.020447
0.015259
0.014709
0.020905
0.130554
0.078247
0.029694
0.019531
0.151917
0.051270
0.023865
0.260162
0.112976
0.058044
0.098175
0.098846
0.228577
0.089661
0.087280
0.131409
0.103485
0.106689
0.068939
0.309998
0.102966
0.131500
0.135956
0.136688
0.205475
0.126129
0.110229
0.300568
0.177368
0.227417
0.101318
0.097717
0.158997
0.250732
0.274628
0.172546
0.307190
0.181305
0.195770
0.177368
0.307220
0.197052
0.171448
0.605225
0.157166
0.175964
0.130432
0.223022
0.426910
0.289276
0.302460
0.333801
0.249084
0.172272
0.160522
0.113098
0.168793
0.182526
0.118561
0.241577
0.182159
0.338898
0.166473
0.148987
0.192108
0.140198
0.137299
0.075287
0.073303
0.323486
0.423950
0.255859
0.131775
0.075409
0.081207
0.064514
0.037201
0.118866
0.066132
0.120941
0.097931
0.040710
0.041290
0.016815
0.011536
0.015289
0.005402
0.001923
0.000000
0.000000
0.000000
0.000000
0.000000
0.000000
0.000000
0.000000
0.000000
0.000000
0.000000
0.000000
0.000000
0.000000
0.000000
0.000000
0.000000
0.000000
0.000000
0.000000
0.000000
0.000000
0.000000
0.000000
0.000000
0.000000
0.000000
0.000000
0.000000
0.000000
0.000000
0.000000
0.000000
0.000000
0.000000
0.000000
0.000000
0.000000
0.000000
0.000000
0.000000
0.000000
0.000000
0.000000
0.000000
0.000000
0.000000
0.000000
0.000000
0.000000
0.000000
0.000000
0.000000
0.000000
0.000000
0.000000
0.000000
0.000000
0.000000
0.000000
0.000000
0.000000
0.000000
0.000000
0.000000
0.000000
0.000000
0.000000
0.000000
0.000000
0.000000
0.000000
0.000000
0.000000
0.000000
0.000000
0.000000
0.000000
0.000000
0.000000
0.000000
0.000000
0.000000
0.000000
0.000000
0.000000
0.000000
0.000000
0.000000
0.000000
0.000000
0.000000
0.000000
0.000000
0.000000
0.000000
0.000000
0.000000
0.000000
0.000000
0.000000
0.000000
0.000000
0.000000
0.000000
