0.000000
0.000031
0.000000
0.000031
0.000000
0.000000
0.000000
0.000000
0.000000
0.000000
0.000000
0.000000
0.000000
0.000000
0.000000
0.000000
0.000000
0.000000
0.000000
0.000000
0.000000
0.000031
0.000031
0.000031
0.000031
0.000000
0.000031
0.000000
0.000000
0.000031
0.000000
0.000000
0.000000
0.000000
0.000000
0.000031
0.000000
0.000000
0.000031
0.000000
0.000031
0.000000
0.000000
0.000031
0.000031
0.000000
0.000000
0.000031
0.000031
0.000000
0.000000
0.000000
0.000000
0.000000
0.000031
0.000000
0.000000
0.000031
0.000000
0.000031
0.000031
0.000031
0.000000
0.000000
0.000031
0.000031
0.000031
0.000000
0.000000
0.000000
0.000000
0.000000
0.000000
0.000000
0.000000
0.000000
0.000000
0.000000
0.000000
0.000000
0.000000
0.000031
0.000031
0.000031
0.000000
0.000000
0.000000
0.000000
0.000000
0.000031
0.000000
0.000031
0.000031
0.000031
0.000549
0.004578
0.035675
0.296387
0.410248
0.314911
0.290985
0.099823
0.127655
0.186462
0.196655
0.172333
0.173645
0.172272
0.178040
0.183044
0.188293
0.152924
0.171692
0.177673
0.101746
0.207916
0.196869
0.115723
0.083008
0.114044
0.089172
0.035248
0.128326
0.111633
0.060059
0.056732
0.133728
0.157349
0.172577
0.159424
0.051544
0.072876
0.132385
0.180695
0.150360
0.045502
0.005280
0.002289
0.005463
0.001617
0.032288
0.024231
0.011169
0.007690
0.003998
0.002411
0.001617
0.004395
0.049805
0.062683
0.067505
0.060333
0.139160
0.262360
0.240753
0.236389
0.208984
0.244507
0.140625
0.163849
0.155823
0.103760
0.009735
0.001953
0.001221
0.055847
0.094116
0.204407
0.253693
0.241058
0.074585
0.072998
0.069916
0.079926
0.143158
0.144592
0.131592
0.128326
0.112488
0.064423
0.048401
0.034088
0.015686
0.002289
0.001038
0.001312
0.000671
0.037628
0.043427
0.040283
0.044037
0.140778
0.201721
0.155975
0.166290
0.147491
0.068054
0.092865
0.088501
0.068115
0.036530
0.021790
0.005035
0.004028
0.023926
0.053741
0.070343
0.081299
0.044678
0.175140
0.229584
0.183105
0.157959
0.157623
0.148773
0.113373
0.105682
0.102661
0.077545
0.023285
0.008728
0.007904
0.003662
0.000763
0.000916
0.000702
0.000793
0.000671
0.000519
0.001068
0.001465
0.001038
0.001343
0.002441
0.002686
0.002350
0.002441
0.001526
0.001740
0.001160
0.001099
0.002411
0.001434
0.070007
0.106323
0.270966
0.230469
0.230316
0.218384
0.059784
0.039703
0.029572
0.028015
0.139832
0.180359
0.142242
0.125885
0.120758
0.151886
0.160126
0.163422
0.072906
0.040314
0.190948
0.199554
0.153137
0.058105
0.051331
0.166779
0.216797
0.218079
0.192749
0.113556
0.023010
0.046112
0.057953
0.078827
0.073212
0.062836
0.028168
0.029510
0.049561
0.078827
0.195221
0.269043
0.242126
0.233337
0.112091
0.026367
0.086639
0.136688
0.148682
0.227722
0.210846
0.163910
0.179443
0.164825
0.143555
0.153259
0.081451
0.025146
0.047455
0.006256
0.032593
0.052277
0.059082
0.203583
0.258606
0.229462
0.263153
0.293091
0.220245
0.095062
0.128387
0.061005
0.045380
0.036224
0.028259
0.005554
0.001801
0.006409
0.003204
0.004669
0.102509
0.181244
0.239655
0.229309
0.168304
0.113556
0.112640
0.155670
0.108521
0.101990
0.105103
0.105103
0.103638
0.090515
0.030701
0.004456
0.003937
0.142303
0.169159
0.146179
0.114746
0.126160
0.051727
0.097351
0.105377
0.105438
0.096283
0.073242
0.054443
0.015015
0.038269
0.073853
0.121094
0.239563
0.179871
0.143494
0.123840
0.102692
0.013336
0.009613
0.009949
0.064575
0.011017
0.010559
0.016571
0.009857
0.007538
0.010803
0.009064
0.016724
0.013123
0.010895
0.016998
0.015228
0.030426
0.017059
0.017975
0.020447
0.020020
0.012604
0.020111
0.022949
0.022217
0.018311
0.026886
0.013336
0.020874
0.016510
0.022278
0.018677
0.030609
0.024261
0.031372
0.022186
0.044220
0.026001
0.032837
0.037170
0.037537
0.025757
0.040253
0.028107
0.028564
0.041107
0.047852
0.023651
0.048431
0.056274
0.036835
0.047363
0.034851
0.033173
0.041321
0.052551
0.054626
0.039734
0.049774
0.043365
0.028076
0.034912
0.037903
0.033447
0.036316
0.037842
0.029633
0.040710
0.045227
0.035736
0.049133
0.020966
0.039795
0.034424
0.013824
0.015015
0.018921
0.024750
0.020630
0.039307
0.022034
0.026367
0.044525
0.031036
0.015991
0.021362
0.024750
0.032562
0.028137
0.038513
0.027435
0.041779
0.040466
0.036865
0.035034
0.039948
0.024536
0.034943
0.021210
0.040741
0.028809
0.026093
0.037323
0.041412
0.030304
0.034393
0.074738
0.256592
0.377502
0.324280
0.319916
0.333618
0.228943
0.086914
0.169952
0.171326
0.034821
0.047821
0.110870
0.085602
0.058014
0.200165
0.206512
0.232910
0.310211
0.316772
0.322693
0.081085
0.137146
0.187500
0.196320
0.232971
0.226562
0.234344
0.226196
0.081543
0.050995
0.048340
0.078766
0.144531
0.153168
0.135834
0.171539
0.166443
0.130493
0.194092
0.149048
0.160522
0.133942
0.117554
0.143250
0.167572
0.098572
0.086182
0.071960
0.144531
0.159851
0.160339
0.082245
0.051239
0.116699
0.136810
0.200439
0.220886
0.176849
0.163574
0.207886
0.129150
0.140778
0.193390
0.127014
0.146210
0.090881
0.068207
0.044922
0.045959
0.050781
0.054596
0.052582
0.063477
0.049591
0.035370
0.063934
0.055176
0.053192
0.040039
0.035614
0.072021
0.043854
0.033813
0.061676
0.124603
0.127258
0.158508
0.106140
0.082947
0.114471
0.144409
0.131500
0.291687
0.335693
0.281830
0.225159
0.237396
0.239319
0.086945
0.090240
0.037750
0.026947
0.027618
0.032959
0.040100
0.034088
0.017242
0.043488
0.045685
0.027588
0.024231
0.040375
0.037231
0.034882
0.036316
0.029755
0.035583
0.039520
0.023376
0.044952
0.052490
0.023376
0.034393
0.027893
0.043091
0.050171
0.067780
0.067047
0.022125
0.066284
0.022583
0.037628
0.028564
0.056366
0.172028
0.271881
0.282959
0.179443
0.070526
0.406158
0.357605
0.328674
0.272522
0.244110
0.229584
0.189026
0.172729
0.122711
0.094910
0.146179
0.040222
0.039612
0.117035
0.166138
0.169830
0.163269
0.138214
0.069824
0.079926
0.283997
0.345520
0.217468
0.177765
0.048096
0.064117
0.142792
0.223694
0.272034
0.238373
0.078003
0.117554
0.100555
0.131683
0.198334
0.212158
0.240295
0.213165
0.138489
0.087372
0.083496
0.077728
0.066803
0.173859
0.194244
0.120087
0.102081
0.075531
0.120941
0.094818
0.076721
0.036133
0.191620
0.236115
0.191315
0.178162
0.173431
0.150330
0.162506
0.156219
0.157776
0.171143
0.110809
0.106384
0.130310
0.110168
0.077454
0.048462
0.167084
0.258362
0.223328
0.201416
0.147430
0.167755
0.161285
0.143402
0.095398
0.166351
0.158051
0.164093
0.160309
0.161621
0.193024
0.117889
0.084229
0.093140
0.239777
0.207733
0.207764
0.187897
0.117157
0.123535
0.151428
0.154755
0.124939
0.087311
0.079651
0.087738
0.098816
0.066223
0.103149
0.070831
0.073730
0.082764
0.048889
0.086731
0.073730
0.061401
0.051025
0.062073
0.082672
0.061584
0.067322
0.074738
0.070343
0.076233
0.061310
0.069305
0.075775
0.037323
0.055786
0.050323
0.049988
0.021149
0.044556
0.033142
0.054626
0.044952
0.028076
0.056885
0.045837
0.018463
0.140289
0.205231
0.202667
0.249786
0.243439
0.253082
0.305847
0.252228
0.256836
0.122375
0.179626
0.172821
0.166840
0.156647
0.169037
0.149109
0.155304
0.153381
0.169434
0.146088
0.133820
0.128571
0.136871
0.111877
0.118286
0.109924
0.131927
0.127930
0.083923
0.091217
0.211304
0.194366
0.167969
0.172150
0.163940
0.145966
0.132721
0.122070
0.119354
0.103363
0.057526
0.052246
0.083618
0.127625
0.175232
0.204895
0.207733
0.181061
0.031342
0.035034
0.055481
0.080811
0.084290
0.065430
0.066315
0.174194
0.201721
0.175842
0.153107
0.120026
0.071869
0.032257
0.024658
0.031036
0.056000
0.029266
0.033722
0.028107
0.018127
0.025696
0.032654
0.018677
0.031708
0.028290
0.013000
0.011566
0.017365
0.015411
0.013855
0.019257
0.016235
0.016937
0.012451
0.019623
0.180054
0.253296
0.095093
0.095947
0.102753
0.079865
0.228210
0.341095
0.259064
0.326172
0.222290
0.131317
0.188354
0.252472
0.262115
0.145996
0.058136
0.067596
0.044525
0.058868
0.106323
0.341980
0.365814
0.287872
0.119202
0.100616
0.172546
0.226868
0.110077
0.122589
0.066895
0.080078
0.104340
0.145630
0.236969
0.267609
0.234161
0.226929
0.122986
0.112000
0.100098
0.098389
0.098938
0.062897
0.042450
0.055206
0.046356
0.054199
0.039093
0.020905
0.019623
0.022797
0.018066
0.021606
0.016998
0.021423
0.037750
0.033539
0.037842
0.037415
0.034180
0.015503
0.016541
0.026733
0.036804
0.029297
0.034973
0.027222
0.026093
0.027985
0.140320
0.274750
0.259338
0.154846
0.103058
0.091553
0.035034
0.039948
0.289551
0.350220
0.434448
0.346069
0.322205
0.264832
0.255890
0.151489
0.148682
0.122070
0.150360
0.134308
0.131805
0.142151
0.137390
0.149414
0.120270
0.132294
0.111694
0.155548
0.216797
0.236969
0.255280
0.196106
0.093292
0.078918
0.194366
0.213501
0.235107
0.182709
0.055634
0.053253
0.045013
0.189026
0.191925
0.236267
0.242798
0.231506
0.077911
0.059784
0.035614
0.111450
0.222839
0.185211
0.162170
0.125885
0.158325
0.138702
0.113373
0.072571
0.061737
0.085754
0.091949
0.092834
0.075378
0.054749
0.110840
0.172333
0.188477
0.175537
0.163452
0.191528
0.261749
0.297363
0.246765
0.243439
0.248566
0.193542
0.146851
0.081940
0.055756
0.040405
0.029266
0.086548
0.034760
0.300446
0.364777
0.348602
0.263428
0.279694
0.164154
0.116394
0.089813
0.063782
0.040710
0.114532
0.305023
0.263336
0.201813
0.219788
0.198669
0.182861
0.179779
0.207336
0.159698
0.210663
0.164612
0.157837
0.144745
0.114685
0.097198
0.065399
0.037018
0.036987
0.030945
0.023529
0.052216
0.033600
0.042999
0.050720
0.041962
0.050812
0.025238
0.038422
0.050629
0.036865
0.044617
0.031128
0.040070
0.038574
0.026794
0.079254
0.085083
0.388947
0.496704
0.513672
0.480865
0.382019
0.322479
0.302887
0.232452
0.165527
0.114990
0.065613
0.209686
0.234955
0.259399
0.236420
0.174713
0.093903
0.163605
0.210876
0.081940
0.038269
0.082794
0.094208
0.190826
0.126587
0.058319
0.101013
0.252472
0.405365
0.447906
0.253998
0.049103
0.076385
0.093689
0.076508
0.282562
0.211609
0.225677
0.209808
0.193054
0.074371
0.050537
0.054840
0.058746
0.043915
0.041962
0.056122
0.072357
0.070251
0.108215
0.170990
0.221405
0.263367
0.362549
0.307068
0.373383
0.239166
0.254150
0.259186
0.161469
0.093353
0.093903
0.209259
0.322235
0.301819
0.258331
0.200867
0.148438
0.088654
0.092560
0.080353
0.034882
0.018616
0.116699
0.238739
0.225189
0.240479
0.136169
0.097961
0.066101
0.073639
0.054626
0.123779
0.146210
0.123444
0.128296
0.110168
0.096497
0.074158
0.095428
0.090118
0.095612
0.204712
0.276764
0.286713
0.280334
0.248535
0.226501
0.109039
0.035278
0.033752
0.097992
0.138428
0.203552
0.195892
0.172241
0.074585
0.044067
0.064575
0.053650
0.158112
0.286987
0.182251
0.156799
0.101440
0.034821
0.071442
0.130341
0.130432
0.053040
0.144714
0.219635
0.177979
0.090118
0.067902
0.165466
0.342499
0.186218
0.143555
0.113281
0.073883
0.112640
0.086029
0.040192
0.038757
0.020996
0.019684
0.020081
0.019958
0.019012
0.039703
0.030518
0.010254
0.038818
0.022217
0.017029
0.027405
0.023132
0.022858
0.035278
0.019043
0.025177
0.033112
0.017578
0.025574
0.042786
0.062988
0.072571
0.097351
0.077576
0.016632
0.114807
0.205719
0.180725
0.199768
0.233765
0.183472
0.198303
0.180908
0.143127
0.080627
0.044342
0.027924
0.055328
0.122253
0.140625
0.125000
0.139618
0.139923
0.145508
0.186676
0.169312
0.186310
0.116364
0.074860
0.054962
0.129608
0.132812
0.203461
0.298004
0.258057
0.213531
0.225983
0.079529
0.032867
0.042267
0.066010
0.181610
0.194763
0.119110
0.048920
0.076843
0.112152
0.049805
0.046997
0.032684
0.257416
0.194397
0.123535
0.156555
0.104919
0.109741
0.104095
0.091675
0.085419
0.080231
0.065552
0.066986
0.039062
0.039795
0.044312
0.066010
0.063446
0.059326
0.053009
0.044739
0.039368
0.041199
0.041199
0.024750
0.026489
0.025940
0.056519
0.036346
0.056763
0.046600
0.038818
0.041290
0.037781
0.028717
0.022125
0.022583
0.027252
0.044189
0.032196
0.032379
0.024078
0.045197
0.052551
0.030792
0.048523
0.054657
0.037659
0.024689
0.122406
0.286652
0.239990
0.202179
0.162079
0.173370
0.233826
0.174347
0.189636
0.198761
0.188660
0.180664
0.154907
0.185455
0.169037
0.189331
0.154694
0.141693
0.147217
0.188293
0.244720
0.097260
0.052979
0.125641
0.137054
0.203003
0.230133
0.198761
0.161011
0.182983
0.057037
0.051636
0.086182
0.040680
0.072052
0.169739
0.162659
0.117279
0.107788
0.109375
0.099121
0.090820
0.055969
0.031372
0.043915
0.034088
0.019684
0.034943
0.031677
0.026642
0.031403
0.075714
0.238831
0.239777
0.302277
0.229370
0.179443
0.113586
0.127472
0.117645
0.110931
0.117218
0.082977
0.094299
0.127472
0.133667
0.134003
0.040619
0.042419
0.148865
0.249786
0.256866
0.208557
0.163483
0.035522
0.018524
0.014740
0.013489
0.061249
0.185699
0.143402
0.049957
0.046082
0.020233
0.016815
0.012543
0.013245
0.091003
0.236115
0.233795
0.213226
0.116760
0.091095
0.025909
0.019287
0.019531
0.038361
0.020416
0.013641
0.015320
0.010498
0.017975
0.023651
0.011658
0.017517
0.011749
0.013214
0.011475
0.013306
0.012878
0.011536
0.018524
0.017120
0.015869
0.024780
0.014740
0.017120
0.012848
0.018738
0.026062
0.021149
0.023346
0.030609
0.025879
0.016968
0.028809
0.014008
0.023041
0.038239
0.037415
0.015656
0.026001
0.026459
0.025970
0.032074
0.017059
0.024200
0.015747
0.020752
0.016968
0.023529
0.026398
0.031036
0.029602
0.030640
0.140442
0.210358
0.173492
0.153351
0.195892
0.177094
0.195099
0.173035
0.162140
0.141327
0.140228
0.063568
0.158600
0.175659
0.031311
0.096924
0.099884
0.129486
0.181610
0.247101
0.176605
0.121429
0.185913
0.141205
0.120972
0.201660
0.071411
0.031494
0.037231
0.056091
0.189453
0.168488
0.153290
0.117554
0.122498
0.074585
0.035461
0.037537
0.027985
0.018829
0.013519
0.013275
0.021667
0.020325
0.034119
0.072296
0.070892
0.165527
0.193085
0.165466
0.173950
0.150482
0.129913
0.108582
0.093445
0.072174
0.098145
0.151154
0.158295
0.216522
0.183746
0.198914
0.222900
0.234558
0.167145
0.088379
0.044891
0.059448
0.060181
0.119934
0.142181
0.052979
0.017212
0.013397
0.107788
0.075439
0.145782
0.180603
0.181793
0.210297
0.216614
0.179596
0.171143
0.163239
0.059357
0.023132
0.020782
0.015656
0.010620
0.007172
0.006866
0.008301
0.009003
0.012573
0.008057
0.008545
0.012939
0.008392
0.013855
0.010895
0.012726
0.013641
0.016296
0.007111
0.011139
0.012146
0.014252
0.015320
0.019592
0.016846
0.016815
0.010284
0.012482
0.011688
0.019897
0.027283
0.025177
0.037781
0.041809
0.038727
0.035156
0.035828
0.032013
0.029877
0.047913
0.044250
0.048004
0.055298
0.031464
0.056763
0.079926
0.051880
0.083038
0.090912
0.053955
0.084564
0.121613
0.062683
0.097473
0.103241
0.101196
0.132294
0.101135
0.111389
0.161194
0.196045
0.239014
0.283173
0.370636
0.270935
0.263153
0.249359
0.201904
0.211304
0.227844
0.220459
0.161072
0.210846
0.271118
0.200470
0.253693
0.245911
0.356110
0.337708
0.236481
0.397491
0.298676
0.140320
0.169434
0.235840
0.164246
0.288879
0.242188
0.336426
0.163177
0.255463
0.218750
0.411316
0.340790
0.237213
0.384430
0.300049
0.212585
0.225708
0.183746
0.272919
0.214478
0.146179
0.189728
0.315704
0.324860
0.398956
0.438080
0.362671
0.356445
0.269409
0.333618
0.381042
0.287964
0.343353
0.426666
0.328522
0.403381
0.531952
0.288574
0.319031
0.323456
0.524506
0.386017
0.269989
0.370636
0.416534
0.372925
0.322388
0.298676
0.323547
0.241852
0.245789
0.281067
0.231445
0.192047
0.201050
0.279297
0.219391
0.281128
0.344177
0.159729
0.276855
0.339233
0.191467
0.234039
0.238129
0.293945
0.180725
0.205383
0.214630
0.190369
0.193054
0.384033
0.478790
0.607513
0.376282
0.485565
0.313049
0.252045
0.351685
0.274109
0.388885
0.332825
0.246521
0.271149
0.323944
0.199127
0.289703
0.457764
0.586273
0.378143
0.215515
0.320801
0.362244
0.271851
0.393646
0.306580
0.474518
0.421692
0.674591
0.580719
0.395111
0.371094
0.406708
0.373383
0.243561
0.326355
0.335754
0.331482
0.300262
0.292023
0.352509
0.289032
0.248871
0.188751
0.167999
0.344269
0.371582
0.249542
0.259125
0.186371
0.180511
0.347595
0.242004
0.269440
0.311676
0.191315
0.260651
0.265594
0.159698
0.221924
0.269775
0.217194
0.278534
0.251587
0.251068
0.233398
0.285034
0.278412
0.649323
0.500305
0.643860
0.246643
0.194916
0.377441
0.246552
0.220093
0.231293
0.273102
0.476440
0.440704
0.543671
0.410645
0.533234
0.403198
0.461121
0.464661
0.442230
0.382202
0.309448
0.521179
0.348694
0.390564
0.382477
0.316193
0.260956
0.441101
0.456573
0.305725
0.339661
0.309509
0.365875
0.419739
0.500153
0.467865
0.250885
0.345001
0.200562
0.325287
0.365265
0.188354
0.250610
0.354126
0.403107
0.331360
0.313080
0.232361
0.372375
0.379852
0.333954
0.386108
0.446442
0.368713
0.405792
0.296967
0.290558
0.367126
0.363861
0.362427
0.364258
0.303406
0.392029
0.257812
0.322937
0.217529
0.258148
0.385742
0.202026
0.178711
0.269928
0.310913
0.206329
0.304382
0.426483
0.493622
0.358673
0.352417
0.303802
0.258057
0.246368
0.325989
0.401459
0.276733
0.254059
0.225281
0.351227
0.300873
0.342224
0.285309
0.227875
0.271393
0.178864
0.284241
0.176239
0.173798
0.226379
0.279694
0.322693
0.449280
0.328094
0.292389
0.472198
0.396973
0.347351
0.331879
0.307465
0.303741
0.250854
0.270142
0.188446
0.217651
0.245514
0.203552
0.169769
0.249481
0.338348
0.346039
0.246674
0.228394
0.257996
0.289734
0.137268
0.170990
0.322021
0.254669
0.217682
0.128510
0.206085
0.127838
0.177185
0.119751
0.142914
0.183380
0.113312
0.149109
0.103699
0.086456
0.139587
0.132172
0.091217
0.099365
0.115051
0.052368
0.056976
0.047241
0.042938
0.068848
0.036621
0.044525
0.042236
0.043671
0.046692
0.038940
0.046387
0.043396
0.052887
0.063171
0.054352
0.042450
0.100006
0.048157
0.042664
0.070862
0.049805
0.045837
0.066284
0.064850
0.038635
0.041199
0.047638
0.055969
0.049530
0.060638
0.062927
0.032654
0.049866
0.059296
0.050568
0.052795
0.041626
0.071045
0.043762
0.032288
0.033905
0.032349
0.028687
0.027161
0.035309
0.027557
0.042053
0.108856
0.122589
0.168671
0.303223
0.278717
0.152496
0.055328
0.058624
0.175751
0.139526
0.109528
0.129913
0.100159
0.110809
0.096466
0.099731
0.094666
0.135406
0.142273
0.069275
0.072845
0.101288
0.079926
0.098846
0.204468
0.198639
0.228668
0.308807
0.356781
0.252319
0.148682
0.060333
0.071503
0.090240
0.118073
0.132446
0.117401
0.108856
0.109833
0.107269
0.097137
0.120636
0.108521
0.082672
0.110443
0.101685
0.092316
0.082184
0.076721
0.059845
0.066833
0.068604
0.025452
0.066345
0.072571
0.079285
0.089294
0.061493
0.026215
0.050476
0.037140
0.024261
0.027802
0.032928
0.035858
0.037262
0.030914
0.030945
0.052887
0.058960
0.030670
0.026398
0.068115
0.048981
0.039764
0.039062
0.047791
0.045837
0.041107
0.041565
0.059570
0.071167
0.054413
0.068481
0.053040
0.045929
0.046265
0.062042
0.029388
0.048950
0.047913
0.041199
0.058807
0.069244
0.059479
0.058838
0.057922
0.049316
0.053528
0.039764
0.034119
0.132874
0.145111
0.158783
0.145020
0.307495
0.276978
0.332184
0.242035
0.231964
0.164703
0.154266
0.202515
0.168152
0.114594
0.177643
0.255554
0.090393
0.058685
0.190521
0.279663
0.064819
0.051208
0.096649
0.043518
0.149384
0.210999
0.219360
0.313690
0.180145
0.124176
0.162140
0.193665
0.224121
0.193909
0.187531
0.098419
0.082916
0.104645
0.162964
0.202148
0.196320
0.155914
0.085266
0.065094
0.082458
0.096069
0.115936
0.146240
0.154053
0.167908
0.191132
0.257721
0.246979
0.251434
0.149323
0.102875
0.096924
0.096069
0.091705
0.168488
0.156433
0.122192
0.177948
0.154358
0.179932
0.187958
0.194672
0.205627
0.139038
0.075928
0.049957
0.030243
0.047577
0.034668
0.032623
0.052643
0.026306
0.028290
0.056427
0.018127
0.021606
0.023682
0.039734
0.038239
0.034790
0.038818
0.030731
0.024139
0.047760
0.041779
0.026337
0.075928
0.065887
0.079651
0.270020
0.225067
0.240753
0.174805
0.158752
0.126129
0.120483
0.122223
0.101715
0.089478
0.112152
0.142731
0.098846
0.070465
0.064972
0.074463
0.090942
0.043243
0.082123
0.051300
0.034241
0.104584
0.133362
0.118530
0.147247
0.153992
0.134308
0.073547
0.036469
0.148743
0.187958
0.124725
0.167297
0.159760
0.211151
0.197235
0.162445
0.184570
0.119751
0.171936
0.108887
0.074585
0.045410
0.027161
0.030914
0.027832
0.017029
0.025604
0.020508
0.028198
0.015350
0.018280
0.032898
0.026459
0.023193
0.023987
0.032959
0.021637
0.029419
0.030273
0.012512
0.009888
0.017029
0.015656
0.013763
0.015076
0.018402
0.016785
0.011536
0.012665
0.012390
0.015381
0.035553
0.176605
0.213409
0.223907
0.127411
0.126160
0.146301
0.303009
0.346680
0.339233
0.262817
0.223419
0.207092
0.179596
0.163696
0.145844
0.128845
0.151154
0.145874
0.132904
0.143555
0.127655
0.158234
0.133850
0.153778
0.135803
0.136597
0.118378
0.137390
0.191559
0.240967
0.203217
0.105225
0.110413
0.175293
0.172577
0.174622
0.143890
0.071930
0.077545
0.113617
0.103088
0.095459
0.050903
0.203583
0.158325
0.152008
0.166595
0.158966
0.172607
0.141205
0.104675
0.121185
0.124023
0.099731
0.094971
0.108002
0.078705
0.080475
0.062042
0.055817
0.027893
0.039062
0.024078
0.041992
0.069794
0.111420
0.086914
0.044678
0.067719
0.353271
0.280975
0.214478
0.196320
0.102722
0.027313
0.042816
0.042938
0.044067
0.046234
0.042847
0.038910
0.047241
0.032532
0.039795
0.028351
0.028046
0.032349
0.036469
0.040619
0.054352
0.028229
0.037109
0.043152
0.026062
0.020691
0.043243
0.050903
0.052399
0.064911
0.360931
0.283936
0.284302
0.252655
0.285004
0.286865
0.165009
0.107758
0.094421
0.083679
0.101105
0.057953
0.048920
0.038361
0.034760
0.074188
0.075348
0.133881
0.175201
0.153992
0.085693
0.066742
0.189301
0.164398
0.163391
0.138550
0.098694
0.111389
0.118286
0.074738
0.055115
0.099854
0.066986
0.036591
0.054596
0.048187
0.081726
0.073486
0.105682
0.119263
0.135742
0.126434
0.121887
0.138855
0.112488
0.124725
0.132904
0.194672
0.082916
0.146729
0.106323
0.133026
0.102631
0.147430
0.168213
0.241180
0.302734
0.129150
0.269989
0.265381
0.223755
0.287109
0.126129
0.189880
0.248840
0.213318
0.257690
0.234589
0.221375
0.134827
0.141052
0.094818
0.192139
0.119019
0.146790
0.153473
0.118805
0.113434
0.125549
0.125671
0.086548
0.083344
0.141632
0.093170
0.103027
0.118134
0.107208
0.116913
0.054352
0.066437
0.095123
0.065887
0.073730
0.050323
0.053284
0.056183
0.037109
0.043854
0.052399
0.049438
0.032227
0.033844
0.044678
0.028442
0.030701
0.033081
0.019165
0.013214
0.013733
0.021667
0.011200
0.008575
0.006195
0.010254
0.011810
0.008148
0.004852
0.004608
0.002167
0.001953
0.001556
0.001038
0.001526
0.009888
0.008179
0.173065
0.224243
0.242798
0.218781
0.190735
0.195557
0.194855
0.174438
0.118683
0.177643
0.129578
0.041809
0.034851
0.002869
0.001373
0.001617
0.068329
0.125519
0.299591
0.283295
0.271149
0.239502
0.182220
0.209259
0.122467
0.090576
0.092133
0.069550
0.066895
0.055420
0.046692
0.020111
0.009857
0.011780
0.019348
0.014862
0.011658
0.008636
0.007263
0.009796
0.012085
0.008301
0.010925
0.011871
0.011597
0.010590
0.006714
0.012238
0.010864
0.013275
0.012787
0.007965
0.012054
0.014374
0.017212
0.018158
0.016876
0.015289
0.023926
0.082245
0.120361
0.187347
0.173950
0.148132
0.097351
0.101471
0.086395
0.069000
0.034668
0.021973
0.100311
0.154724
0.104492
0.033783
0.018341
0.077240
0.044769
0.249817
0.264374
0.301971
0.284271
0.222504
0.155914
0.140594
0.103790
0.121582
0.106415
0.096924
0.079773
0.069366
0.061768
0.042328
0.047791
0.037231
0.033630
0.031860
0.023956
0.027496
0.036102
0.072113
0.151184
0.230835
0.292389
0.206268
0.092712
0.114899
0.060547
0.044495
0.071167
0.055481
0.188416
0.194092
0.162842
0.212311
0.172699
0.137115
0.127777
0.117188
0.146881
0.144379
0.112305
0.097900
0.132141
0.128876
0.101532
0.061188
0.107788
0.073914
0.230255
0.256409
0.115967
0.059784
0.107483
0.167328
0.187042
0.084106
0.082214
0.068420
0.106415
0.115997
0.110168
0.197601
0.133545
0.217712
0.197357
0.209869
0.182404
0.163971
0.144806
0.125732
0.114807
0.105988
0.114716
0.089691
0.182312
0.228302
0.095245
0.138885
0.172272
0.090515
0.234741
0.136993
0.143097
0.197815
0.159790
0.131439
0.121552
0.099365
0.099182
0.129608
0.138824
0.203796
0.147827
0.147614
0.121490
0.196594
0.156494
0.163910
0.177551
0.139374
0.135559
0.162811
0.126129
0.353363
0.313446
0.233704
0.227570
0.134552
0.100983
0.177124
0.190552
0.092468
0.083374
0.178467
0.139313
0.184326
0.165680
0.190216
0.158905
0.248322
0.226166
0.188171
0.244141
0.157471
0.153046
0.156891
0.349854
0.332153
0.309937
0.356964
0.158997
0.261322
0.247345
0.189575
0.149170
0.144806
0.095490
0.288513
0.222351
0.227386
0.183350
0.314911
0.379730
0.305908
0.267029
0.351868
0.382080
0.170654
0.180267
0.294220
0.153839
0.196838
0.298462
0.206757
0.352325
0.318359
0.177521
0.368408
0.361664
0.270935
0.198029
0.306610
0.236206
0.306396
0.179779
0.242065
0.216583
0.136719
0.124634
0.135101
0.131104
0.077454
0.171143
0.121674
0.185333
0.079163
0.133179
0.211243
0.130707
0.110901
0.167267
0.102020
0.128601
0.117004
0.128448
0.094269
0.080780
0.079742
0.071198
0.094666
0.049744
0.056091
0.100739
0.069031
0.036469
0.072266
0.061005
0.056580
0.051849
0.055756
0.043427
0.051697
0.052277
0.041656
0.052063
0.051666
0.049561
0.038666
0.044189
0.038452
0.027527
0.029022
0.022888
0.019470
0.027222
0.027191
0.019867
0.036774
0.026855
0.022064
0.013763
0.014252
0.008392
0.007843
0.007111
0.006226
0.005157
0.002563
0.002533
0.002960
0.002167
0.001709
0.001007
0.001099
0.001373
0.001099
0.001343
0.001099
0.001160
0.001404
0.001190
0.000916
0.000610
0.000732
0.001038
0.000732
0.000610
0.000916
0.000641
0.001129
0.000641
0.000610
0.000488
0.000702
0.000549
0.001068
0.000793
0.000854
0.000610
0.000366
